0.416	-0.492
0.964	-0.072
-0.488	-0.204
-0.114	-0.562
-0.202	-0.2
0.282	-0.698
0.192	-0.048
0.082	-0.392
0.538	-0.91
0.844	-0.246
0.59	-0.242
-0.556	-0.458
0.858	-0.966
0.684	-0.344
-0.042	-0.956
0.962	-0.876
0.956	-0.906
-0.488	-0.522
0.078	-0.322
-0.232	-0.222
-0.926	-0.642
0.536	-0.726
0.048	-0.316
0.52	-0.094
0.562	-0.744
0.35	-0.04
0.688	-0.558
-0.784	-0.232
0.12	-0.554
-0.208	-0.408
0.928	-0.132
0.142	-0.298
-0.47	-0.146
0.78	-0.576
-0.524	-0.826
0.646	-0.308
0.844	-0.562
0.286	-0.524
0.306	-0.06
0.644	-0.208
0.066	-0.502
0.352	-0.66
0.13	-0.546
0.898	-0.318
-0.65	-0.584
0.5	-0.64
0.358	-0.856
-0.064	-0.264
-0.634	-0.294
0.234	-0.098
0.946	-0.864
-0.55	-0.152
-0.764	-0.964
-0.868	-0.5
-0.588	-0.804
0.042	-0.238
0.122	-0.324
0.74	-0.984
-0.644	-0.254
-0.116	-0.536
-0.44	-0.242
0.516	-0.204
-0.206	-0.648
0.666	-0.588
-0.838	-0.246
0.406	-0.064
0.846	-0.534
-0.678	-0.968
0.532	-0.77
0.498	-0.438
0.532	-0.978
-0.204	-0.422
-0.592	-0.916
-0.776	-0.746
-0.888	-0.272
0.882	-0.564
-0.24	-0.384
-0.02	-0.002
0.712	-0.424
0.894	-0.382
-0.916	-0.29
0.85	-0.19
0.808	-0.866
-0.772	-0.394
0.674	-0.356
0.182	-0.164
0.298	-0.514
-0.206	-0.47
-0.532	-0.96
-0.83	-0.466
-0.784	-0.232
0.152	-0.7
-0.028	-0.966
-0.986	-0.742
-0.132	-0.72
0.148	-0.226
-0.952	-0.554
-0.024	-0.568
-0.382	-0.176
-0.192	-0.198
-0.974	-0.516
0.54	-0.256
-0.798	-0.86
-0.356	-0.584
0.894	-0.594
-0.006	-0.756
0.772	-0.334
-0.4	-0.78
-0.25	-0.156
0.362	-0.762
0.082	-0.136
-0.556	-0.274
-0.896	-0.574
0.362	-0.702
-0.192	-0.106
-0.066	-0.83
0.734	-0.082
0.348	-0.472
0.114	-0.12
0.706	-0.136
-0.192	-0.602
-0.172	-0.968
-0.458	-0.658
0.216	-0.238
0.68	-0.598
0.636	-0.79
-0.992	-0.25
0.388	-0.288
0.386	-0.11
-0.542	-0.968
0.624	-0.746
0.91	-0.156
0.888	-0.988
0.442	-0.306
0.42	-0.17
0.406	-0.194
0.72	-0.37
-0.396	-0.116
-0.124	-0.866
-0.832	-0.006
-0.238	-0.92
0.582	-0.684
0.112	-0.44
-0.666	-0.446
-0.302	-0.426
-0.306	-0.232
-0.096	-0.566
0.484	-0.266
0.734	-0.73
-0.468	-0.47
-0.906	-0.886
0.76	-0.368
0.662	-0.896
-0.818	-0.644
-0.128	-0.036
0.4	-0.18
-0.526	-0.056
-0.006	-0.088
-0.852	-0.986
0.862	-0.58
-0.742	-0.264
-0.91	-0.11
0.216	-0.806
-0.584	-0.568
-0.492	-0.998
0.058	-0.356
-0.672	-0.642
-0.884	-0.784
0.062	-0.316
0.774	-0.66
-0.952	-0.86
0.564	-0.442
-0.39	-0.042
-0.176	-0.254
-0.196	-0.41
-0.866	-0.854
0.912	-0.742
-0.134	-0.922
-0.752	-0.502
-0.362	0
-0.014	-0.862
0.526	-0.988
-0.226	-0.844
-0.4	-0.698
0.608	-0.892
-0.998	-0.462
0.748	-0.694
-0.552	-0.384
-0.598	-0.542
-0.074	-0.908
0.3	-0.184
-0.368	-0.126
0.418	-0.89
0.032	-0.278
0.118	-0.36
-0.168	-0.284
-0.67	-0.32
-0.902	-0.222
-0.724	-0.458
-0.918	-0.718
0.688	-0.306
0.51	-0.958
-0.466	-0.372
0.386	-0.93
-0.952	-0.528
0.862	-0.022
-0.734	-0.806
0.658	-0.636
0.676	-0.638
-0.744	-0.44
0.12	-0.366
-0.054	-0.204
0.552	-0.824
0.154	-0.35
0.254	-0.234
0.848	-0.49
0.848	-0.922
0.558	-0.384
0.916	-0.86
-0.604	-0.138
-0.064	-0.08
-0.736	-0.02
-0.326	-0.184
-0.512	-0.958
-0.91	-0.954
-0.34	-0.992
0.574	-0.468
0.384	-0.378
0.598	-0.08
0.086	-0.332
0.438	-0.944
-0.278	-0.198
-0.438	-0.656
-0.034	-0.55
-0.132	-0.106
-0.052	-0.956
0.12	-0.262
-0.746	-0.304
-0.35	-0.028
0.554	-0.384
-0.056	-0.006
0.786	-0.162
0.288	-0.416
-0.002	-0.996
-0.266	-0.176
-0.258	-0.146
0.552	-0.458
0.858	-0.798
-0.592	-0.802
0.536	-0.092
0.972	-0.164
-0.002	-0.646
-0.022	-0.946
0.044	-0.32
-0.238	-0.518
-0.792	-0.792
0.908	-0.11
0.186	-0.708
-0.778	-0.278
0.202	-0.432
0.864	-0.88
-0.366	-0.374
-0.166	-0.356
0.534	-0.386
0.88	-0.04
0.512	-0.848
-0.894	-0.366
-0.008	-0.202
-0.756	-0.806
0.12	-0.84
-0.714	-0.942
0.168	-0.168
-0.942	-0.276
0.034	-0.358
0.684	-0.454
0.858	-0.254
-0.446	-0.482
0.416	-0.626
-0.164	-0.67
0.794	-0.076
-0.918	-0.92
-0.666	-0.516
-0.898	-0.112
0.442	-0.532
-0.522	-0.166
-0.81	-0.614
0.59	-0.002
0.714	-0.622
-0.224	-0.362
-0.824	-0.96
-0.574	-0.344
-0.93	-0.596
-0.054	-0.112
0.174	-0.254
-0.294	-0.032
-0.57	-0.89
0.24	-0.084
-0.126	-0.432
0.47	-0.388
-0.064	-0.538
0.43	-0.074
-0.88	-0.824
-0.656	-0.066
-0.046	-0.152
0.35	-0.856
-1	-0.266
0.792	-0.384
-0.578	-0.066
-0.836	-0.816
0.084	-0.67
0.79	-0.566
0.256	-0.036
0.242	-0.104
-0.43	-0.632
0.832	-0.298
-0.706	-0.17
0.488	-0.114
0.276	-0.428
0.71	-0.606
0.572	-0.616
-0.666	-0.818
-0.546	-0.686
0.458	-0.626
-0.232	-0.148
0.742	-0.658
0.522	-0.566
-0.87	-0.628
0.534	-0.942
-0.42	-0.902
0.666	-0.434
-0.84	-0.174
0.838	-0.1
-0.804	-0.312
-0.93	-0.008
-0.842	-0.086
-0.06	-0.352
0.152	-0.096
-0.146	-0.138
0.096	-0.878
-0.538	-0.002
-0.94	-0.816
-0.21	-0.782
-0.318	-0.962
0.146	-0.504
-0.65	-0.412
0.008	-0.724
-0.502	-0.192
0.104	-0.496
-0.808	-0.968
0.03	-0.664
-0.91	-0.178
0.48	-0.79
-0.524	-0.33
0.808	-0.538
-0.032	-0.792
0.582	-0.478
0.204	-0.158
-0.478	-0.154
0.806	-0.292
0.76	-0.718
0.378	-0.448
0.056	-0.674
0.806	-0.632
0.282	-0.706
0.676	-0.696
0.85	-0.35
-0.388	-0.08
-0.454	-0.768
0.958	-0.37
0.256	-0.802
0.742	-0.316
0.752	-0.876
0.692	-0.466
0.184	-0.746
0.588	-0.5
-0.66	-0.648
-0.78	-0.926
0.57	-0.806
-0.474	-0.362
-0.56	-0.028
0.322	-0.808
0.43	-0.786
0.262	-0.384
-0.532	-0.15
0.048	-0.306
-0.834	-0.906
-0.814	-0.928
-0.03	-0.406
0.226	-0.6
-0.192	-0.51
0.034	-0.646
-0.458	-0.556
0.428	-0.986
0.958	-0.702
-0.89	-0.45
0.846	-0.554
-0.63	-0.968
-0.756	-0.806
0.298	-0.432
-0.45	-0.29
0.266	-0.71
0.064	-0.032
0.434	-0.73
-0.576	-0.32
-0.306	-0.326
0.956	-0.702
0.464	-0.02
-0.468	-0.634
-0.254	-0.698
0.336	-0.82
-0.684	-0.742
-0.336	-0.534
0.168	-0.572
-0.116	-0.61
0.692	-0.96
-0.53	-0.108
0.862	-0.724
-0.356	-0.606
0.964	-0.834
-0.37	-0.494
-0.594	-0.07
-0.59	-0.282
-0.962	-0.718
0.982	-0.396
0	-0.39
-0.278	-0.6
0.078	-0.944
-0.148	-0.26
0.678	-0.336
0.83	-0.58
0.652	-0.482
0.73	-0.086
0.85	-0.27
0.834	-0.774
-0.022	-0.088
0.554	-0.296
-0.85	-0.882
-0.766	-0.118
0.06	-0.23
-0.806	-0.902
-0.376	-0.028
0.724	-0.976
-0.592	-0.42
0.782	-0.762
0.976	-0.434
-0.466	-0.264
-0.846	-0.27
0.47	-0.124
-0.522	-0.55
-0.73	-0.268
0.386	-0.244
0.674	-0.084
-0.468	-0.646
0.482	-0.148
0.502	-0.982
0.588	-0.64
0.394	-0.982
-0.264	-0.336
0.916	-0.66
0.358	-0.374
0.434	-0.256
-0.972	-0.978
0.596	-0.424
0.882	-0.008
0.662	-0.89
0.49	-0.328
0.156	-0.152
-0.996	-0.41
0.592	-0.908
0.416	-0.432
0.808	-0.704
-0.764	-0.622
-0.938	-0.734
-0.598	-0.636
0.546	-0.012
-0.94	-0.858
0.836	-0.276
-0.724	-0.538
0.964	-0.66
0.676	-0.8
-0.282	-0.558
-0.194	-0.282
-0.292	-0.66
-0.576	-0.262
-0.028	-0.612
0.782	-0.352
0.794	-0.536
0.734	-0.398
-0.796	-0.512
-0.374	-0.734
-0.642	-0.338
-0.398	-0.308
-0.604	-0.192
-0.01	-0.18
-0.75	-0.334
0.912	-0.264
0.118	-0.742
0.708	-0.292
-0.71	-0.524
0.976	-0.084
-0.564	-0.32
-0.908	-0.18
-0.45	-0.186
-0.936	-0.496
-0.554	-0.522
0.212	-0.282
0.966	-0.792
0.196	-0.352
0.828	-0.358
0.688	-0.184
-0.308	-0.876
-0.8	-0.744
0.226	-0.504
0.872	-0.198
-0.054	-0.36
-0.864	-0.988
-0.562	-0.332
0.36	-0.17
0.486	-0.244
-0.032	-0.868
-0.26	-0.93
0.784	-0.466
0.784	-0.398
-0.676	-0.376
-0.06	-0.754
-0.498	-0.474
-0.786	-0.512
0.61	-0.298
0.728	-0.902
-0.992	-0.948
0.52	-0.28
-0.29	-0.48
-0.094	-0.15
0.18	-0.22
-0.846	-0.648
-0.998	-0.634
0.812	-0.506
-0.928	-0.686
-0.358	-0.23
0.778	-0.35
-0.37	-0.902
-0.288	-0.38
0.542	-0.476
-0.162	-0.866
-0.226	-0.79
0.962	-0.686
0.556	-0.766
0.458	-0.718
0.32	-0.65
-0.716	-0.808
0.186	-0.21
-0.562	-0.334
0.002	-0.174
-0.876	-0.036
0.846	-0.616
0.198	-0.598
-0.704	-0.708
-0.316	-0.43
0.3	-0.858
-0.876	-0.228
-0.934	-0.208
0.834	-0.826
-0.608	-0.33
-0.624	-0.396
-0.492	-0.342
-0.666	-0.368
0.278	-0.12
0.696	-0.052
0.476	-0.912
-0.076	-0.972
-0.69	-0.196
-0.432	-0.078
-0.758	-0.26
-0.322	-0.25
-0.2	-0.196
0.288	-0.926
-0.118	-0.404
-0.968	-0.538
-0.74	-0.272
-0.354	-0.172
-0.252	-0.568
-0.352	-0.29
-0.628	-0.55
0.91	-0.172
0.608	-0.982
-0.52	-0.882
0.872	-0.102
0.958	-0.866
-0.618	-0.182
-0.112	-0.154
-0.252	-0.75
0.892	-0.476
-0.932	-0.532
0.422	-0.27
0.732	-0.058
0.506	-0.256
-0.584	-0.128
-0.346	-0.922
-0.396	-0.404
0.718	-0.27
0.326	-0.678
0.188	-0.93
-0.408	-0.08
0.716	-0.198
0.994	-0.44
0.524	-0.588
-0.864	-0.42
-0.578	-0.442
-0.016	-0.544
-0.568	-0.658
-0.464	-0.04
-0.664	-0.534
0.388	-0.922
-0.904	-0.646
-0.96	-0.91
-0.15	-0.668
-0.688	-0.462
-0.12	-0.97
-0.592	-0.528
0.874	-0.332
-0.744	-0.176
0.4	-0.7
-0.826	-0.8
0.36	-0.786
-0.004	-0.022
0.78	-0.798
-0.464	-0.546
0.874	-0.97
0.904	-0.244
0.932	-0.362
0.686	-0.58
0.95	-0.886
-0.884	-0.296
-0.824	-0.402
-0.26	-0.288
-0.322	-0.288
-0.856	-0.636
0.838	-0.36
0.01	-0.508
0.458	-0.022
0.298	-0.53
0.772	-0.536
0.784	-0.66
0.19	-0.436
-0.45	-0.428
-0.96	-0.35
0.488	-0.322
-0.548	-0.816
-0.498	-0.994
0.42	-0.164
0.042	-0.326
-0.926	-0.656
-0.156	-0.886
0.184	-0.49
-0.292	-0.66
0.398	-0.88
0.158	-0.18
-0.902	-0.196
0.298	-0.778
0.64	-0.66
-0.904	-0.088
0.476	-0.186
0.704	-0.276
0.358	-0.488
0.33	-0.81
0.208	-0.176
-0.72	-0.988
-0.378	-0.46
0.602	-0.286
0.528	-0.858
0.378	-0.15
-0.74	-0.11
-0.138	-0.634
-0.556	-0.414
0.056	-0.338
-0.594	-0.342
-0.92	-0.276
-0.56	-0.688
0.57	-0.118
-0.424	-0.276
-0.028	-0.204
0.136	-0.452
-0.054	-0.052
0.672	-0.108
0.6	-0.084
0.42	-0.954
0.032	-0.856
0.398	-0.128
0.396	-0.862
-0.314	-0.534
-0.086	-0.09
-0.38	-0.582
-0.224	-0.806
0.008	-0.308
-0.086	-0.15
-0.232	-0.412
0.8	-0.356
0.838	-0.328
-0.84	-0.95
0.214	-0.064
-0.756	-0.778
0.864	-0.752
0.78	-0.67
0.486	-0.944
0.368	-0.466
-0.424	-0.16
0.826	-0.624
0.486	-0.238
-0.818	-0.706
-0.834	-0.276
0.67	-0.672
0.81	-0.698
-0.264	-0.878
0.076	-0.26
-0.66	-0.438
-0.204	-0.588
0.254	-0.076
-1	-0.844
0.744	-0.168
0.906	-0.74
0.086	-0.906
0.356	-0.838
-0.274	-0.666
-0.186	-0.472
0.706	-0.228
-0.844	-0.84
-0.784	-0.452
-0.648	-0.416
0.824	-0.164
-0.584	-0.47
-0.288	-0.854
-0.89	-0.382
0.966	-0.804
0.022	-0.674
0.192	-0.062
0.522	-0.04
-0.806	-0.922
0.218	-0.094
-0.776	-0.968
0.53	-0.27
-0.616	-0.068
-0.414	-0.548
-0.3	-0.626
0.862	-0.062
-0.514	-0.21
-0.028	-0.988
-0.61	-0.57
-0.75	-0.298
-0.622	-0.364
-0.884	-0.562
-0.224	-0.496
0.894	-0.548
0.22	-0.276
-0.888	-0.868
-0.62	-0.498
0.97	-0.752
0.92	-0.282
-0.048	-0.29
-0.118	-0.588
-0.668	-0.898
-0.766	-0.076
0.146	-0.066
-0.644	-0.638
-0.626	-0.676
0.59	-0.424
-0.446	-0.308
0.938	-0.97
-0.242	-0.828
-0.044	-0.526
-0.202	-0.348
0.228	-0.566
0.316	-0.602
-0.572	-0.16
-0.868	-0.208
0.954	-0.49
-0.964	-0.028
-0.112	-0.82
0.27	-0.904
-0.598	-0.5
-0.47	-0.108
-0.316	-0.964
0.956	-1
0.138	-0.964
0.256	-0.728
0.064	-0.17
-0.252	-0.91
-0.322	-0.66
0.202	-0.77
0.99	-0.69
0.434	-0.48
0.202	-0.882
-0.178	-0.602
0.9	-0.216
-0.33	-0.224
0.268	-0.79
-0.29	-0.054
-0.16	-0.99
-0.398	-0.17
-0.68	-0.964
0.35	-0.774
0.714	-0.306
0.47	-0.952
0.528	-0.514
-0.766	-0.554
-0.414	-0.216
-0.462	-0.688
-0.668	-0.162
0.784	-0.25
0.532	-0.046
0.706	-0.93
-0.142	-0.21
0.172	-0.242
-0.804	-0.466
0.9	-0.472
-0.404	-0.784
-0.922	-0.302
0.15	-0.718
0.086	-0.992
0.072	-0.74
-0.07	-0.27
-0.47	-0.224
0.304	-0.266
0.048	-0.134
0.81	-0.634
-0.38	-0.594
-0.648	-0.902
-0.914	-0.872
0.362	-0.22
-0.786	-0.114
-0.666	-0.628
-0.302	-0.956
-0.828	-0.732
0.752	-0.002
-0.738	-0.256
-0.732	-0.528
0.452	-0.028
0.422	-0.51
-0.182	-0.264
0.848	-0.49
-0.26	-0.864
0.91	-0.508
0.134	-0.122
0.962	-0.79
-0.286	-0.472
-0.456	-0.33
-0.194	-0.832
-0.264	-0.772
-0.342	-0.214
0.524	-0.4
-0.308	-0.336
0.85	-0.344
-0.208	-0.08
0.788	-0.368
-0.356	-0.116
-0.742	-0.586
-0.418	-0.606
0.18	-0.954
0.422	-0.296
0.35	-0.182
0.474	-0.622
0.202	-0.734
0.426	-0.524
0.564	-0.93
0.964	-0.676
0.39	-0.038
0.852	-0.322
0.396	-0.97
0.056	-0.402
0	-0.644
-0.706	-0.396
-0.84	-0.576
0.08	-0.572
0.47	-0.928
0.036	-0.202
-0.048	-0.352
0.288	-0.762
-0.424	-0.036
0.466	-0.098
-0.75	-0.834
-0.3	-0.364
-0.826	-0.308
0.578	-0.14
0.818	-0.89
0.166	-0.604
0.298	-0.734
0.664	-0.522
0.948	-0.77
0.832	-0.388
-0.2	-0.214
0.482	-0.796
-0.746	-0.472
0.862	-0.926
-0.53	-0.582
-0.802	-0.338
0.494	-0.15
0.958	-0.748
0.802	-0.942
0.74	-0.584
0.55	-0.692
-0.51	-0.106
-0.926	-0.502
0.676	-0.728
0.618	-0.2
0.72	-0.784
-0.726	-0.05
-0.454	-0.28
0.368	-0.904
0.028	-0.438
-0.98	-0.8
-0.564	-0.598
0.178	-0.512
-0.62	-0.204
0.264	-0.68
-0.742	-0.954
0.314	-0.934
0.06	-0.05
-0.818	-0.498
-0.908	-0.382
0.78	-0.45
-0.948	-0.882
0.06	-0.576
-0.51	-0.624
-0.972	-0.028
0.564	-0.084
0.474	-0.64
-0.762	-0.622
-0.664	-0.95
0.856	-0.854
-0.638	-0.29
-0.786	-0.752
0.376	-0.468
0.058	-0.428
-0.9	-0.422
0.702	-0.534
-0.73	-0.816
0.718	-0.086
0.668	-0.644
-0.762	-0.454
-0.066	-0.52
0.058	-0.396
-0.796	-0.85
0.706	-0.822
0.396	-0.928
0.872	-0.592
0.726	-0.756
-0.196	-0.514
0.264	-0.59
0.472	-0.058
-0.984	-0.132
0.72	-0.024
-0.912	-0.022
0.248	-0.298
0.968	-0.934
-0.498	-0.142
0.08	-0.962
0.596	-0.806
0.074	-0.684
0.766	-0.206
0.64	-0.346
0.04	-0.688
-0.28	-0.754
0.876	-0.496
-0.716	-0.908
-0.388	-0.934
-0.848	-0.39
-0.668	-0.664
-0.338	-0.234
0.024	-0.052
0.718	-0.326
0.548	-0.762
-0.77	-0.712
0.002	-0.998
-0.972	-0.198
-0.582	-0.082
-0.612	-0.656
0.92	-0.062
0.394	-0.456
0.842	-0.65
0.198	-0.114
-0.874	-0.868
0.878	-0.95
-0.382	-0.062
-0.178	-0.05
-0.724	-0.74
-0.88	-0.178
0.308	-0.782
0.368	-0.262
0.83	-0.914
0.742	-0.384
-0.478	-0.648
-0.15	-0.064
0.636	-0.03
-0.612	-0.014
-0.96	-0.226
0.858	-0.96
-0.644	-0.696
-0.334	-0.65
0.046	-0.34
0.01	-0.504
-0.118	-0.6
0.164	-0.818
0.808	-0.448
-0.414	-0.37
0.19	-0.664
0.848	-0.694
0.71	-0.648
-0.258	-0.148
0.964	-0.318
0.984	-0.114
-0.934	-0.984
-0.354	-0.07
-0.752	-0.754
-0.052	-0.706
-0.342	-0.898
0.488	-0.656
0.884	-0.066
0.196	-0.448
-0.678	-0.726
0.162	-0.882
-0.866	-0.542
0.34	-0.222
-0.562	-0.31
0.498	-0.792
0.846	-0.954
0.934	-0.832
-0.68	-0.656
0.178	-0.814
0.166	-0.4
-0.88	-0.994
0.638	-0.46
-0.134	-0.146
0.61	-0.25
0.04	-0.224
0.274	-0.726
-0.624	-0.628
0.836	-0.328
0.212	-0.29
-0.296	-0.506
-0.68	-0.61
-0.1	-0.624
-0.338	-0.43
0.26	-0.116
0.246	-0.976
-0.12	-0.854
0.418	-0.152
0.154	-0.116
0.702	-0.984
0.07	-0.052
0.134	-0.794
-0.262	-0.62
-0.918	-0.632
-0.94	-0.056
0.794	-0.154
-0.138	-0.414
-0.31	-0.278
0.854	-0.272
0.05	-0.334
-0.416	-0.07
-0.418	-0.36
-0.048	-0.99
-0.554	-0.22
-0.11	-0.212
-0.076	-0.516
-0.736	-0.3
-0.956	-0.266
0.448	-0.922
0.564	-0.23
0.87	-0.292
-0.578	-0.556
-0.234	-0.964
0.422	-0.188
0.474	-0.886
-0.486	-0.078
-0.806	-0.26
0.522	-0.538
-0.834	-0.616
-0.834	-0.674
-0.278	-0.396
0.914	-0.672
-0.33	-0.308
0.432	-0.672
-0.048	-0.092
-0.792	-0.944
0.802	-0.578
0.804	-0.614
0.494	-0.022
-0.574	-0.08
0.25	-0.044
-0.518	-0.95
-0.218	-0.074
0.98	-0.332
0.152	-0.208
-0.936	-0.354
-0.526	-0.51
-0.728	-0.24
0.676	-0.186
0.85	-0.84
0.568	-0.368
0.948	-0.24
-0.078	-0.974
-0.058	-0.522
0.62	-0.824
-0.458	-0.694
-0.156	-0.602
0.802	-0.092
0.75	-0.722
-0.898	-0.978
0.038	-0.66
-0.022	-0.13
-0.916	-0.454
-0.666	-0.14
-0.114	-0.718
0.518	-0.994
-0.916	-0.976
-0.698	-0.576
0.856	-0.954
-0.234	-0.896
-0.79	-0.51
0.734	-0.728
0.99	-0.228
0.438	-0.98
-0.734	-0.842
-0.81	-0.648
-0.766	-0.252
0.556	-0.85
-0.804	-0.118
0.338	-0.034
0.238	-0.012
0.252	-0.628
0.022	-0.31
-0.406	-0.924
0.266	-0.538
-0.832	-0.506
-0.918	-0.898
-0.652	-0.502
0.23	-0.852
-0.46	-0.498
0.884	-0.232
-0.518	-0.956
-0.44	-0.29
-0.766	-0.47
-0.558	-0.956
-0.628	-0.498
0.816	-0.546
-0.394	-0.446
-0.468	-0.582
0.62	-0.04
-0.562	-0.84
0.462	-0.678
-0.072	-0.088
-0.194	-0.886
0.662	-0.93
0.45	-0.854
-0.474	-0.754
-0.356	-0.012
0.148	-0.692
-0.892	-0.218
0.484	-0.006
-0.26	-0.31
0.404	-0.01
0.658	-0.292
0.89	-0.7
-0.986	-0.968
-0.66	-0.804
0.354	-0.734
0.854	-0.792
-0.212	-0.956
0.202	-0.972
0.638	-0.914
0.528	-0.108
-0.696	-0.066
0.622	-0.806
0.518	-0.732
-0.054	-0.964
0.926	-0.198
0.55	-0.85
-0.906	-0.128
-0.032	-0.564
-0.968	-0.06
0.094	-0.662
-0.422	-0.284
0.058	-0.832
-0.856	-0.938
-0.902	-0.832
0.588	-0.854
0.704	-0.3
0.218	-0.624
0.094	-0.256
-0.684	-0.848
0.616	-0.844
-0.078	-0.634
0.238	-0.144
0.272	-0.884
-0.836	-0.224
0.18	-0.05
-0.248	-0.8
0.104	-0.63
0.708	-0.756
-0.436	-0.546
0.452	-0.636
-0.74	-0.58
0.382	-0.932
0.494	-0.558
-0.998	-0.67
0.424	-0.162
0.956	-0.92
-0.978	-0.566
0.594	-0.78
-0.358	-0.362
-0.448	-0.65
0.66	-0.35
0.99	-0.434
-0.2	-0.746
-0.048	-0.606
-0.524	-0.702
-0.084	-0.71
-0.158	-0.91
0.844	-0.426
0.69	-0.294
-0.11	-0.344
0.346	-0.722
0.376	-0.128
-0.05	-0.076
-0.178	-0.754
-0.178	-0.816
0.596	-0.414
-0.424	0
-0.184	-0.298
0.014	-0.708
-0.932	-0.348
-0.184	-0.924
0.502	-0.11
0.476	-0.856
-0.384	-0.788
0.452	-0.676
0.248	-0.732
-0.262	-0.896
0.594	-0.414
-0.368	-0.578
0.904	-0.47
-0.93	-0.888
0.422	-0.656
0.564	-0.334
0.042	-0.772
0.856	-0.636
0.144	-0.184
-0.04	-0.404
0.142	-0.792
0.568	-0.05
0.926	-0.694
-0.108	-0.608
0.614	-0.656
0.766	-0.768
0.948	-0.744
0.656	-0.784
0.766	-0.708
-0.7	-0.274
-0.112	-0.854
0.096	-0.73
0.466	-0.144
-0.436	-0.124
-0.434	-0.822
0.924	-0.666
0.116	-0.424
0.294	-0.228
-0.208	-0.08
0.106	-0.354
-0.768	-0.89
-0.016	-0.942
0.986	-0.55
0.618	-0.518
0.514	-0.724
-0.67	-0.922
0.152	-0.104
0.934	-0.922
0.796	-0.336
0.078	-0.268
-0.442	-0.56
-0.252	-0.084
0.698	-0.048
-0.866	-0.85
-0.116	-0.642
0.688	-0.296
-0.79	-0.614
-0.994	-0.97
0.688	-0.172
0.07	-0.578
-0.078	-0.196
-0.734	-0.688
-0.542	-0.534
0.284	-0.854
0.238	-0.894
0.654	-0.472
-0.866	-0.274
0.944	-0.424
0.854	-0.782
-0.702	-0.508
0.662	-0.788
0.644	-0.726
-0.188	-0.474
0.95	-0.99
-0.906	-0.492
-0.124	-0.29
-0.644	-0.838
0.952	-0.182
-0.424	-0.382
-0.352	-0.174
0.258	-0.692
0.444	-0.184
-0.72	-0.104
0.524	-0.608
0.806	-0.972
0.268	-0.406
0.902	-0.338
-0.964	-0.508
-0.146	-0.308
0.31	-0.536
0.844	-0.408
-0.434	-0.51
0.166	-0.944
-0.708	-0.432
0.792	-0.48
-0.804	-0.698
-0.232	-0.196
0.296	-0.478
-0.014	-0.25
-0.394	-0.228
-0.35	-0.27
-0.48	-0.142
0.348	-0.832
0.848	-0.656
-0.264	-0.656
0.57	-0.6
-0.426	-0.292
0.512	-0.426
-0.176	-0.918
0.558	-0.436
-0.136	-0.218
-0.826	-0.904
-0.422	-0.314
0.902	-0.092
-0.998	-0.04
-0.082	-0.472
0.778	-0.268
-0.068	-0.386
0.906	-0.15
0.268	-0.328
-0.318	-0.944
0.708	-0.784
-0.992	-0.686
0.546	-0.968
0.428	-0.124
-0.688	-0.974
0.158	-0.664
-0.028	-0.396
0.784	-0.432
-0.06	-0.966
0.304	-0.63
0.784	-0.224
0.226	-0.564
-0.108	-0.292
-0.984	-0.58
-0.968	-0.93
0.32	-0.578
0.562	-0.076
0.808	-0.622
0.386	-0.3
0.468	-0.808
-0.854	-0.796
-0.034	-0.652
0.926	-0.036
0.794	-0.088
0.774	-0.696
-0.318	-0.734
-0.012	-0.528
0.584	-0.742
-0.334	-0.548
-0.782	-0.188
0.12	-0.49
0.32	-0.084
-0.264	-0.132
0.5	-0.49
0.03	-0.77
-0.956	-0.988
-0.744	-0.29
-0.536	-0.526
-0.636	-0.204
-0.598	-0.062
-0.566	-0.574
-0.868	-0.826
0.862	-0.504
-0.448	-0.222
-0.134	-0.222
-0.722	-0.578
0.154	-0.32
-0.936	-0.708
0.108	-0.376
0.918	-0.608
0.958	-0.572
-0.6	-0.488
0.736	-0.738
-0.328	-0.828
-0.05	-0.598
0.412	-0.742
0.384	-0.804
-0.512	-0.816
-0.224	-0.25
-0.33	-0.304
0.142	-0.372
0.846	-0.73
0.814	-0.1
0.622	-0.458
0.288	-0.302
-0.474	-0.744
-0.128	-0.626
0.7	-0.816
0.366	-0.844
0.112	-0.082
0.308	-0.266
0.46	-0.404
0.432	-0.14
-0.668	-0.692
-0.318	-0.136
-0.562	-0.296
0.876	-0.356
0.126	-0.438
-0.804	-0.762
-0.806	-0.19
0.16	-0.972
0.376	-0.986
-0.018	-0.118
-0.302	-0.188
0.446	-0.104
0.982	-0.384
0.246	-0.51
0.206	-0.924
-0.264	-0.896
-0.114	-0.108
0.354	-0.072
0.302	-0.15
0.964	-0.32
-0.54	-0.078
-0.952	-0.73
0.06	-0.968
0.592	-0.694
0.226	-0.202
-0.098	-0.322
0.558	-0.414
-0.434	-0.294
0.556	-0.078
0.252	-0.578
0.988	-0.556
0.906	-0.826
0.964	-0.54
0.944	-0.34
-0.378	-0.364
0.104	-0.44
0.25	-0.38
-0.66	-0.554
-0.018	-0.716
-0.292	-0.602
-0.754	-0.79
0.674	-0.79
-0.564	-0.244
0.218	-0.788
-0.6	-0.532
-0.44	-0.64
0.442	-0.06
0.928	-0.1
0.526	-0.824
0.43	-0.178
0.946	-0.238
0.906	-0.934
0.422	-0.67
0.292	-0.36
-0.456	-0.604
0.814	-0.918
0.806	-0.746
0.32	-0.19
-0.356	-0.356
0.116	-0.126
-0.176	-0.084
0.678	-0.952
-0.62	-0.166
0.23	-0.74
0.514	-0.462
-0.406	-0.77
-0.184	-0.602
-0.488	-0.104
-0.5	-0.946
-0.298	-0.12
0.212	-0.178
-0.426	-0.294
0.904	-0.83
0.69	-0.884
0.768	-1
-0.414	-0.05
0.844	-0.55
-0.924	-0.192
0.992	-0.81
-0.708	-0.434
0.6	-0.288
-0.402	-0.046
-0.996	-0.496
-0.6	-0.522
-0.856	-0.424
0.21	-0.432
-0.416	-0.586
-0.804	-0.874
0.076	-0.024
0.87	-0.364
-0.662	-0.824
0.348	-0.064
-0.856	-0.746
-0.446	-0.848
-0.894	-0.734
-0.046	-0.478
0.956	-0.956
-0.52	-0.392
0.884	-0.108
-0.486	-0.114
0.556	-0.564
0.392	-0.792
0.046	-0.866
-0.846	-0.578
0.03	-0.912
0.486	-0.518
-0.71	-0.846
0.012	-0.244
0.178	-0.484
-0.496	-0.088
0.596	-0.806
-0.254	-0.3
-0.792	-0.094
0.958	-0.218
-0.998	-0.702
-0.558	-0.08
0.83	-0.258
0.784	-0.6
0.804	-0.282
0.322	-0.978
-0.116	-0.35
0.942	-0.114
-0.096	-0.904
0.024	-0.266
0.95	-0.636
0.266	-0.542
0.082	-0.43
-0.834	-0.596
0.296	-0.106
-0.36	-0.07
0.236	-0.922
0.032	-0.202
0.52	-0.59
-0.394	-0.454
-0.906	-0.166
-0.228	-0.252
0.198	-0.258
0.912	-0.72
0.314	-0.922
0.39	-0.39
0.676	-0.97
-0.756	-0.088
-0.584	-0.714
-0.4	-0.43
-0.592	-0.892
0.906	-0.39
0.508	-0.068
-0.99	-0.68
-0.674	-0.22
0.622	-0.06
0.506	-0.884
0.374	-0.78
0.14	-0.008
0.238	-0.474
0.788	-0.588
0.422	-0.728
-0.868	-0.8
-0.668	-0.884
-0.302	-0.61
0.532	-0.388
-0.768	-0.358
-0.502	-0.006
0.266	-0.196
-0.812	-0.492
0.654	-0.458
0.598	-0.992
0.882	-0.466
-0.35	-0.618
0.916	-0.914
0.384	-0.192
-0.406	-0.232
0.466	-0.854
0.832	-0.016
0.542	-0.624
-0.076	-0.51
-0.732	-0.92
-0.208	-0.126
0.104	-0.852
0.758	-0.078
-0.152	-0.528
-0.032	-0.61
-0.324	-0.424
0.686	-0.828
-0.68	-0.182
-0.51	-0.632
0.458	-0.046
0.292	-0.854
0.752	-0.826
0.55	-0.792
-0.802	-0.062
0.732	-0.512
-0.24	-0.592
0.186	-0.358
-0.512	-0.068
-0.954	-0.954
-0.062	-0.174
0.93	-0.17
0.468	-0.52
-0.82	-0.528
0.63	-0.322
0.13	-0.466
-0.126	-0.888
-0.514	-0.08
-0.136	-0.706
-0.748	-0.758
0.86	-0.096
-0.15	-0.084
0.286	-0.4
0.414	-0.972
-0.328	-0.52
-0.3	-0.75
0.17	-0.84
-0.814	-0.874
0.108	-0.068
-0.274	-0.12
-0.174	-0.122
-0.53	-0.654
0.852	-0.976
-0.156	-0.456
0.436	-0.33
-0.444	-0.774
0.678	-0.866
-0.548	-0.262
0.136	-0.056
-0.77	-0.718
0.976	-0.63
0.384	-0.672
0.612	-0.708
0.87	-0.2
0.648	-0.196
-0.398	-0.356
-0.948	-0.036
0.504	-0.632
-0.664	-0.992
0.898	-0.63
0.108	-0.576
0.732	-0.586
0.106	-0.846
-0.95	-0.51
0.204	-0.638
-0.268	-0.284
0.574	-0.394
0.89	-0.15
-0.292	-0.214
-0.48	-0.56
0.2	-0.706
-0.552	-0.662
-0.422	-0.142
-0.934	-0.226
-0.52	-0.636
-0.76	-0.722
-0.706	-0.854
0.158	-0.57
0.288	-0.936
-0.538	-0.922
0.038	-0.064
0.302	-0.186
-0.958	-0.036
0.75	-0.988
-0.22	-0.492
0.062	-0.472
-0.604	-0.808
0.908	-0.86
0.434	-0.972
-0.034	-0.896
-0.18	-0.084
0.424	-0.74
0.492	-0.048
0.02	-0.408
0.85	-0.072
-0.926	-0.602
0.612	-0.616
0.994	-0.334
-0.378	-0.81
-0.218	-0.124
0.276	-0.78
0.264	-0.512
-0.98	-0.212
0.916	-0.13
-0.622	-0.308
0.842	-0.306
0.832	-0.622
-0.486	-0.268
-0.078	-0.03
0.484	-0.59
-0.45	-0.238
0.25	-0.35
0.308	-0.954
-0.084	-0.924
-0.664	-0.68
-0.494	-0.15
0.986	-0.32
-0.766	-0.576
0.898	-0.812
-0.63	-0.536
-0.444	-0.454
-0.522	-0.864
-0.764	-0.014
-0.156	-0.028
0.05	-0.914
-0.812	-0.05
-0.738	-1
0.168	-0.674
0.884	-0.792
-0.876	-0.242
0.82	-0.638
-0.552	-0.194
0.498	-0.28
-0.626	-0.302
0.316	-0.008
-0.494	-0.096
-0.034	-0.138
-0.404	-0.43
0.784	-0.906
0.29	-0.792
-0.516	-0.632
0.61	-0.158
-0.692	-0.776
-0.132	-0.752
-0.684	-0.588
0.522	-0.228
0.868	-0.268
0.678	-0.166
-0.012	-0.104
-0.612	-0.82
0.726	-0.472
-0.072	-0.404
-0.138	-0.69
0.186	-0.822
-0.996	-0.118
0.768	-0.05
0.8	-0.802
-0.818	-0.272
0.014	-0.232
0.414	-0.1
0.426	-0.856
0.914	-0.866
0.028	-0.354
-0.852	-0.27
-0.066	-0.942
0.86	-0.724
0.104	-0.156
-0.63	-0.084
-0.546	-0.588
0.098	-0.398
0.142	-0.264
0.716	-0.634
0.326	-0.582
-0.858	-0.366
0.55	-0.62
0.186	-0.798
-0.72	-0.656
-0.386	-0.918
0.464	-0.466
0.382	-0.248
-0.296	-0.166
-0.304	-0.314
-0.256	-0.99
-0.208	-0.226
0.132	-0.554
0.08	-0.342
0.038	-0.62
0.536	-0.976
0.428	-0.146
-0.894	-0.624
0.392	-0.22
-0.686	-0.068
0.242	-0.222
-0.094	-0.688
0.674	-0.344
-0.976	-0.286
0.74	-0.736
-0.492	-0.952
0.122	-0.256
-0.676	-0.858
-0.39	-0.972
0.512	-0.346
-0.13	-0.028
0.344	-0.456
0.658	-0.21
0.888	-0.164
-0.568	-0.604
0.588	-0.74
0.106	-0.068
-0.536	-0.608
-0.072	-0.878
0.182	-0.184
-0.42	-0.532
-0.864	-0.622
0.578	-0.944
-0.316	-0.962
0.29	-0.388
0.486	-0.406
0.034	-0.324
-0.982	-0.88
-0.188	-0.746
0.668	-0.362
-0.878	-0.956
-0.918	-0.618
-0.182	-0.924
0.94	-0.3
0.658	-0.846
-0.726	-0.882
-0.244	-0.242
-0.732	-0.226
0.088	-0.21
0.998	-0.032
0.074	-0.49
-0.492	-0.27
0.538	-0.076
0.738	-0.682
0.202	-0.112
-0.84	-0.598
-0.974	-0.33
0.836	-0.732
-0.702	-0.51
0.262	-0.856
-0.826	-0.764
-0.16	-0.774
-0.816	-0.692
-0.42	-0.374
-0.844	-0.56
0.328	-0.954
0.76	-0.942
-0.21	-0.502
0.802	-0.354
-0.546	-0.072
0.238	-0.03
0.204	-0.876
0.01	-0.614
0.482	-0.66
-0.602	-0.444
0.93	-0.924
0.09	-0.82
-0.276	-0.624
-0.604	-0.186
0.836	-0.15
-0.554	-0.07
0.9	-0.136
0.888	-0.93
-0.156	-0.134
0.648	-0.098
0.658	-0.628
0.278	-0.946
0.61	-0.662
-0.252	-0.494
0.372	-0.018
0.432	-0.074
-0.152	-0.234
-0.718	-0.17
0.526	-0.826
0.556	-0.084
0.172	-0.334
-0.174	-0.98
0.556	-0.042
0.282	-0.796
-0.202	-0.502
-0.694	-0.558
-0.624	-0.056
0.244	-0.648
-0.58	-0.51
-0.89	-0.842
0.348	-0.064
-0.116	-0.22
-0.252	-0.56
-0.556	-0.968
0.044	-0.504
-0.802	-0.008
0.552	-0.128
0.486	-0.316
0.338	-0.388
0.174	-0.676
-0.516	-0.358
-0.488	-0.43
-0.78	-0.094
-0.974	-0.662
-0.36	-0.044
0.006	-0.138
0.652	-0.926
-0.798	-0.938
-0.36	-0.28
-0.59	-0.14
-0.668	-0.564
-0.01	-0.794
-0.922	-0.298
0.774	-0.572
0.702	-0.54
-0.09	-0.942
-0.262	-0.722
-0.138	-0.686
0.744	-0.444
0.224	-0.472
0.258	-0.002
0.71	-0.756
0.03	-0.046
0.232	-0.442
-0.48	-0.172
0.84	-0.03
0.498	-0.356
-0.936	-0.546
0.27	-0.35
-0.816	-0.7
0.658	-0.224
-0.698	-0.688
-0.548	-0.858
0.4	-0.336
0.102	-0.328
0.676	-0.674
0.044	-0.772
0.356	-0.164
0.324	-0.266
-0.28	-0.886
0.13	-0.176
-0.222	-0.766
0.736	-0.602
-0.542	-0.22
-0.68	-0.408
0.472	-0.826
0.294	-0.218
-0.99	-0.282
-0.674	-0.588
-0.112	-0.938
0.514	-0.95
-0.958	-0.554
-0.98	-0.944
-0.7	-0.588
0.898	-0.186
-0.688	-0.798
-0.34	-0.44
-0.012	-0.954
-0.9	-0.498
-0.246	-0.334
-0.778	-0.104
-0.994	-0.032
0.342	-0.27
-0.356	-0.042
0.946	-0.99
0.81	-0.388
0.268	-0.202
0.722	-0.242
-0.874	-0.352
-0.642	-0.164
-0.988	-0.624
0.54	-0.124
0.228	-0.63
0.288	-0.818
-0.97	-0.84
0.968	-0.042
-0.642	-0.334
0.974	-0.63
-0.55	-0.804
0.502	-0.306
0.058	-0.836
-0.674	-0.45
-0.228	-0.002
0.508	-0.668
0.418	-0.43
0.646	-0.254
0.13	-0.904
0.648	-0.368
-0.052	-0.414
0.518	-0.188
-0.658	-0.424
0.664	-0.288
0.71	-0.356
0.214	-0.526
0.226	-0.14
0.926	-0.644
0	-0.534
-0.576	-0.566
0.02	-0.516
0.986	-0.624
-0.428	-0.598
0.02	-0.954
-0.766	-0.764
-0.274	-0.786
0.324	-0.57
0.326	-0.912
0.594	-0.966
0.028	-0.886
-0.798	-0.542
0.592	-0.584
0.98	-0.544
-0.232	-0.492
0.5	-0.972
0.594	-0.172
-0.866	-0.016
0.856	-0.664
-0.854	-0.112
-0.99	-0.454
-0.102	-0.222
0.102	-0.154
0.844	-0.034
0.066	-0.116
-0.428	-0.116
-0.76	-0.28
-0.522	-0.898
0.162	-0.512
0.354	-0.938
0.97	-0.59
-0.996	-0.648
-0.904	-0.65
-0.712	-0.646
-0.654	-0.906
0.904	-0.104
0.062	-0.17
-0.816	-0.872
-0.968	-0.008
0.506	-0.728
-0.584	-0.312
0.88	-0.568
0.456	-0.604
-0.098	-0.494
-0.658	-0.71
0.16	-0.582
0.61	-0.092
0.962	-0.554
-0.2	-0.93
-0.006	-0.04
-0.532	-0.398
-0.828	-0.04
-0.43	-0.692
0.9	-0.176
0.4	-0.686
-0.91	-0.024
-0.358	-0.256
-0.61	-0.186
-0.592	-0.496
0.934	-0.01
0.144	-0.932
-0.838	-0.698
-0.824	-0.734
0.216	-0.296
0.338	-0.352
-0.204	-0.57
0.686	-0.662
0.884	-0.442
-0.71	-0.236
-0.854	-0.714
-0.19	-0.866
0.636	-0.852
0.486	-0.566
0.5	-0.58
0.166	-0.912
-0.346	-0.122
0.868	-0.074
0.764	-0.516
-0.106	-0.386
0.378	-0.57
0.118	-0.768
0.642	-0.112
-0.73	-0.704
-0.458	-0.338
0.354	-0.836
0.402	-0.71
0.874	-0.85
-0.81	-0.778
0.368	-0.54
0.224	-0.456
-0.622	-0.28
0.502	-0.08
0.788	-0.732
-0.258	-0.418
0.166	-0.844
0.01	-0.812
-0.706	-0.706
0.964	-0.516
-0.056	-0.556
-0.826	-0.832
0.514	-0.448
-0.824	-0.022
0.246	-0.272
0.252	-1
0.97	-0.582
-0.14	-0.794
0.46	-0.426
-0.606	-0.542
-0.132	-0.642
-0.058	-0.912
-0.606	-0.41
0.238	-0.026
0.144	-0.074
-0.332	-0.262
-0.352	-0.156
0.716	-0.366
0.512	-0.038
0.364	-0.236
-0.038	-0.962
0.888	-0.474
-0.238	-0.2
-0.254	-0.296
0.776	-0.842
-0.638	-0.564
-0.668	-0.922
0.774	-0.452
-0.982	-0.292
0.938	-0.172
0.712	-0.422
0.528	-0.298
-0.222	-0.388
0.37	-0.502
-0.596	-0.686
-0.216	-0.638
-0.942	-0.044
-0.874	-0.524
-0.762	-0.25
-0.88	-0.758
-0.056	-0.744
0.77	-0.272
-0.048	-0.75
-0.252	-0.228
0.79	-0.528
-0.782	-0.446
-0.868	-0.656
0.03	-0.628
0.798	-0.316
-0.726	-0.424
0.12	-0.472
0.368	-0.11
0.256	-0.68
-0.948	-0.406
0.506	-0.33
-0.12	-0.656
0.3	-0.294
-0.858	-0.07
-0.828	-0.584
-0.79	-0.4
-0.948	-0.228
-0.852	-0.192
0.602	-0.946
-0.398	-0.516
-0.602	-0.678
-0.456	-0.602
-0.476	-0.312
0.808	-0.756
-0.296	-0.83
-0.72	-0.464
0.032	-0.342
-0.544	-0.988
-0.316	-0.236
0.45	-0.786
-0.68	-0.238
-0.068	-0.992
-0.52	-0.634
-0.62	-0.85
-0.86	-0.644
0.634	-0.626
0.046	-0.342
0.682	-0.228
-0.688	-0.89
0.416	-0.568
0.58	-0.118
-0.928	-0.336
-0.758	-0.754
0.736	-0.646
0.916	-0.996
0.366	-0.926
-0.152	-0.958
0.78	-0.728
-0.914	-0.936
0.858	-0.138
-0.826	-0.008
-0.098	-0.386
0.98	-0.29
-0.214	-0.108
0.1	-0.662
-0.066	-0.198
0.16	-0.314
-0.188	-0.816
0.258	-0.552
0.72	-0.808
0.98	-0.594
0.608	-0.68
0.752	-0.606
0.916	-0.148
-0.642	-0.658
0.732	-0.18
-0.144	-0.014
0.252	-0.082
0.366	-0.286
0.612	-0.496
0.528	-0.346
0	-0.43
-0.422	-0.034
0.018	-0.862
0.922	-0.388
-0.282	-0.784
0.826	-0.21
-0.862	-0.214
0.4	-0.58
0.872	-0.318
0.386	-0.11
-0.178	-0.252
-0.31	-0.256
0.36	-0.886
0.46	-0.544
0.796	-0.314
0.264	-0.81
-0.656	-0.342
0.64	-0.59
-0.228	-0.99
0.696	-0.138
0.354	-0.092
0.364	-0.508
0.178	-0.186
0.114	-0.796
-0.426	-0.66
-0.278	-0.484
-0.764	-0.412
-0.51	-0.9
-0.166	-0.814
-0.038	-0.108
0.798	-0.832
0.73	-0.458
0.236	-0.33
-0.502	-0.65
-0.124	-0.356
-0.486	-0.556
0.708	-0.662
0.23	-0.968
-0.752	-0.656
-0.234	-0.668
-0.14	-0.294
0.002	-0.938
-0.294	-0.724
0.026	-0.456
0.784	-0.832
0.864	-0.982
-0.95	-0.506
-0.858	-0.348
0.688	-0.576
-0.888	-0.43
-0.43	-0.16
-0.634	-0.91
0.198	-0.768
-0.266	-0.138
0.94	-0.122
0.514	-0.248
0.188	-0.138
0.594	-0.538
0.078	-0.124
0.384	-0.916
0.364	-0.418
0.02	-0.824
-0.17	-0.468
-0.954	-0.65
0.158	-0.104
0.726	-0.124
0.664	-0.762
-0.604	-0.316
0.142	-0.844
0.412	-0.962
-0.3	-0.534
-0.074	-0.774
-0.54	-0.6
-0.978	-0.61
0.99	-0.796
-0.944	-0.134
0.314	-0.576
0.108	-0.776
0.544	-0.044
-0.62	-0.25
-0.86	-0.502
0.492	-0.44
0.072	-0.806
-0.558	-0.12
-0.764	-0.536
0.974	-0.288
0.646	-0.33
0.536	-0.064
0.568	-0.104
0.6	-0.346
-0.65	-0.556
0.152	-0.452
0.004	-0.776
-0.258	-0.97
-0.254	-0.194
-0.22	-0.28
-0.024	-0.868
0.904	-0.212
-0.312	-0.922
-0.47	-0.768
-0.18	-0.246
-0.582	-0.084
-0.402	-0.694
0.732	-0.77
-0.824	-0.912
-0.262	-0.708
-0.448	-0.926
-0.144	-0.322
0.562	-0.2
0.092	-0.392
0.776	-0.946
-0.44	-0.696
0.942	-0.262
0.096	-0.32
0.592	-0.686
0.816	-0.986
0.974	-0.994
-0.832	-0.062
-0.36	-0.742
0.98	-0.416
0.968	-0.27
0.428	-0.868
-0.554	-0.478
-0.12	-0.734
-0.72	-0.162
-0.888	-0.986
0.074	-0.354
-0.87	-0.23
-0.678	-0.23
-0.942	-0.976
-0.212	-0.972
-0.244	-0.078
-0.84	-0.956
0.634	-0.44
0.278	-0.01
0.884	-0.632
-0.528	-0.042
0.728	-0.96
-0.22	-0.242
0.752	-0.16
0.572	-0.758
-0.832	-0.564
-0.01	-0.184
0.746	-0.738
0.048	-0.972
-0.604	-0.316
0.544	-0.59
-0.894	-0.676
0.872	-0.436
0.876	-0.998
0.498	-0.672
-0.736	-0.454
0.06	-0.34
0.934	-0.648
-0.206	-0.32
-0.408	-0.146
0.542	-0.888
-0.764	-0.394
0.072	-0.43
0.104	-0.428
-0.148	-0.98
-0.486	-0.026
0.498	-0.172
-0.664	-0.678
0.818	-0.226
0.346	-0.736
0.466	-0.902
-0.738	-0.118
-0.096	-0.338
0.112	-0.598
0.932	-0.038
0.892	-0.638
-0.722	-0.584
0.284	-0.48
-0.662	-1
0.4	-0.384
0.22	-0.644
-0.908	-0.774
-0.04	-0.63
-0.358	-0.2
-0.31	-0.376
-0.102	-0.322
-0.184	-0.108
-0.274	-0.9
-0.986	-0.346
0.012	-0.532
0.066	-0.714
-0.726	-0.27
0.53	-0.57
0.714	-0.076
0.758	-0.388
0.312	-0.582
-0.502	-0.986
0.598	-0.168
-0.292	-0.626
0.364	-0.632
-0.308	-0.262
0.86	-0.594
-0.634	-0.678
-0.792	-0.34
0.406	-0.464
0.96	-0.328
0.782	-0.726
0.606	-0.126
0.406	-0.344
0.41	-0.532
0.832	-0.362
-0.142	-0.268
-0.072	-0.858
0.046	-0.112
0.138	-0.624
-0.706	-0.418
-0.602	-0.566
-0.606	-0.256
0.004	-0.12
0.018	-0.39
-0.54	-0.576
-0.136	-0.824
-0.544	-0.316
0.27	-0.702
-0.12	-0.836
-0.092	-0.588
-0.14	-0.37
0.894	-0.35
0.602	-0.21
-0.218	-0.15
-0.738	-0.206
-0.44	-0.282
-0.816	-0.466
-0.9	-0.398
0.468	-0.888
0.466	-0.646
-0.846	-0.752
0.252	-0.138
-0.566	-0.484
-0.392	-0.912
0.338	-0.128
-0.664	-0.194
0.406	-0.946
0.838	-0.29
0.572	-0.166
0.866	-0.868
0.92	-0.526
-0.63	-0.26
0.218	-0.994
-0.194	-0.206
0.164	-0.048
0.984	-0.89
-0.138	-0.74
-0.176	-0.49
0.236	-0.31
0.868	-0.728
0.848	-0.762
0.012	-0.474
-0.35	-0.966
-0.356	-0.472
-0.868	-0.708
-0.596	-0.044
-0.65	-0.146
0.502	-0.782
0.126	-0.946
-0.542	-0.156
-0.122	-0.768
0.532	-0.894
0.648	-0.286
-0.72	-0.05
0.65	-0.528
0.554	-0.188
-0.374	-0.102
0.776	-0.692
-0.48	-0.532
-0.938	-0.948
0.472	-0.378
0.904	-0.726
-0.112	-0.816
0.928	-0.326
-0.894	-0.98
-0.276	-0.54
0.196	-0.018
-0.904	-0.838
0.738	-0.312
-0.906	-0.374
0.578	-0.274
0.3	-0.042
0.948	-0.89
-0.428	-0.12
-0.904	-0.706
-0.55	-0.084
0.3	-0.934
-0.744	-0.818
0.744	-0.648
0.656	-0.636
0.226	-0.546
0.696	-0.196
0.812	-0.852
0.028	-0.726
-0.432	-0.912
-0.958	-0.428
-0.846	-0.702
0.354	-0.492
0.734	-0.316
0.69	-0.23
-0.246	-0.282
0.748	-0.608
-0.52	-0.41
-0.664	-0.396
-0.828	-0.684
-0.252	-0.308
-0.212	-0.69
-0.79	-0.55
0.744	-0.148
-0.392	-0.324
-0.01	-0.128
0.054	-0.97
-0.82	-0.176
0.418	-0.648
0.844	-0.042
-0.696	-0.406
0.608	-0.286
-0.074	-0.258
-0.264	-0.814
-0.158	-0.518
0.742	-0.718
-0.476	-0.65
-0.042	-0.782
0.926	-0.284
-0.752	-0.894
0.54	-0.63
0.164	-0.91
0.968	-0.708
0.232	-0.98
-0.794	-0.616
-0.558	-0.17
0.778	-0.692
-0.652	-0.55
-0.9	-0.602
-0.582	-0.128
-0.748	-0.018
-0.386	-0.132
-0.598	-0.554
-0.928	-0.972
-0.698	-0.654
0.616	-0.598
0.776	-0.09
0.862	-0.184
-0.63	-0.132
0.866	-0.31
0.974	-0.982
-0.904	-0.584
0.884	-0.624
-0.874	-0.898
0.24	-0.596
-0.486	-0.272
-0.526	-0.6
0.104	-0.958
-0.678	-0.392
-0.044	-0.552
0.414	-0.048
-0.114	-0.452
0.528	-0.874
-0.048	-0.604
-0.362	-0.122
0.374	-0.032
0.472	-0.368
0.632	-0.132
0.634	-0.482
-0.996	-0.97
0.22	-0.088
-0.912	-0.646
-0.85	-0.61
-0.33	-0.912
0.942	-0.208
-0.428	-0.076
0.288	-0.414
-0.204	-0.83
0.402	-0.918
0.18	-0.606
0.32	-0.444
0.962	-0.376
0.854	-0.59
0.702	-0.686
0.188	-0.012
-0.208	-0.584
0.242	-0.1
-0.204	-0.616
-0.72	-0.18
-0.214	-0.006
0.314	-0.252
0.618	-0.208
0.398	-0.824
0.994	-0.772
-0.458	-0.368
-0.1	-0.566
-0.676	-0.604
-1	-0.944
-0.252	-0.202
0.618	-0.21
-0.438	-0.19
-1	-0.018
-0.854	-0.958
0.384	-0.31
-0.326	-0.012
0.828	-0.002
-0.912	-0.32
-0.434	-0.91
0.44	-0.982
-0.216	-0.048
-0.83	-0.708
-0.214	-0.114
-0.196	-0.042
0.462	-0.05
0	-0.154
-0.656	-0.622
-0.462	-0.826
-0.92	-0.374
-0.072	-0.518
-0.222	-0.344
0.02	-0.954
0.702	-0.432
-0.968	-0.25
0.65	-0.43
-0.108	-0.548
-0.376	-0.766
-0.882	-0.724
0.092	-0.482
0.268	-0.324
-0.602	-0.102
-0.592	-0.7
0.622	-0.614
-0.352	-0.34
-0.606	-0.786
-0.064	-0.424
0.578	-0.72
0.984	-0.492
0.188	-0.606
-0.5	-0.956
0.788	-0.402
0.886	-0.276
0.88	-0.13
-0.33	-0.168
0.348	-0.012
-0.424	-0.172
-0.328	-0.532
0.222	-0.816
-0.552	-0.484
-0.976	-0.188
0.756	-0.476
0.706	-0.856
0.572	-0.05
0.168	-0.174
-0.638	-0.226
-0.062	-0.892
-0.422	-0.334
0.184	-0.478
0.046	-0.896
-0.75	-0.058
0.684	-0.472
-0.404	-0.148
-0.908	-0.07
0.344	-0.68
0.662	-0.406
0.04	-0.524
-0.08	-0.276
-0.108	-0.664
-0.392	-0.366
0.26	-0.276
0.04	-0.28
-0.3	-0.438
0.742	-0.676
0.248	-0.186
0.448	-0.508
-0.79	-0.438
0.908	-0.118
0.606	-0.988
0.964	-0.044
0.11	-0.376
0.338	-0.3
0.622	-0.748
0.264	-0.766
0.134	-0.91
-0.894	-0.258
-0.898	-0.69
-0.63	-0.314
0.882	-0.242
-0.572	-0.334
-0.286	-0.758
0.29	-0.054
0.272	-1
-0.574	-0.474
0.132	-0.532
-0.28	-0.51
0.694	-0.442
-0.42	-0.496
-0.186	-0.624
-0.496	-0.836
-0.456	-0.612
0.99	-0.4
0.126	-0.114
-0.708	-0.648
0.548	-0.258
-0.724	-0.168
0.952	-0.72
-0.78	-0.234
0.36	-0.704
-0.826	-0.284
-0.462	-0.204
0.108	-0.352
0.58	-0.842
0.626	-0.114
0.028	-0.014
0.248	-0.054
-0.552	-0.596
-0.374	-0.92
0.776	-0.56
-0.402	-0.5
0.188	-0.798
0.76	-0.824
-0.262	-0.212
0.866	-0.376
-0.44	-0.196
0.666	-0.594
-0.342	-0.87
0.286	-0.9
0.226	-0.372
-0.86	-0.286
-0.386	-0.742
0.428	-0.272
0.396	-0.706
-0.478	-0.874
0.986	-0.418
-0.324	-0.824
0.224	-0.392
-0.196	-0.932
-0.674	-0.322
0.632	-0.986
-0.302	-0.844
-0.96	-0.49
-0.102	-0.27
0.094	-0.502
-0.15	-0.526
-0.326	-0.22
0.082	-0.816
0.788	-0.862
0.716	-0.694
-0.78	-0.64
0.078	-0.672
-0.81	-0.766
0.412	-0.038
0.82	-0.504
0.606	-0.842
-0.704	-0.03
-0.596	-0.602
0.25	-0.376
-0.242	-0.12
0.182	-0.46
0.356	-0.69
-0.516	-0.75
-0.456	-0.932
0.994	-0.34
0.03	-0.48
0.156	-0.118
-0.14	-0.96
-0.562	-0.928
0.92	-0.844
-0.776	-0.318
0.158	-0.414
0.652	-0.278
-0.374	-0.526
0.766	-0.188
0.182	-0.152
0.128	-0.848
0.85	-0.256
-0.966	-0.278
0.732	-0.34
0.118	-0.2
0.612	-0.348
-0.562	-0.26
0.7	-0.88
0.034	-0.87
0.108	-0.896
-0.296	-0.066
0.29	-0.474
-0.562	-0.24
-0.886	-0.948
0.412	-0.448
0.496	-0.08
-0.018	-0.306
-0.14	-0.814
0.112	-0.472
-0.334	-0.946
0.258	-0.34
0.952	-0.346
0.16	-0.066
0.35	-0.398
-0.494	-0.824
0.372	-0.93
-0.41	-0.574
-0.378	-0.532
0.842	-0.254
0.866	-0.704
-0.012	-0.478
0.656	-0.852
-0.422	-0.336
0.36	-0.346
-0.264	-0.572
-0.838	-0.776
0.746	-0.95
-0.63	-0.632
-0.482	-0.788
0.214	-0.192
0.612	-0.13
-0.044	-0.522
-0.298	-0.354
-0.084	-0.256
-0.452	-0.648
-0.744	-0.632
-0.854	-0.826
0.176	-0.536
0.748	-0.162
-0.058	-0.672
-0.104	-0.562
0.036	-0.882
0.84	-0.084
0.81	-0.728
-0.3	-0.22
0.748	-0.466
-0.094	-0.586
0.446	-0.252
0.156	-0.658
0.89	-0.102
-0.54	-0.042
-0.91	-0.538
-0.796	-0.922
0.32	-0.344
0.316	-0.854
0.658	-0.092
-0.014	-0.744
0.232	-0.332
0.566	-0.33
0.132	-0.19
0.35	-0.504
0.294	-0.328
0.858	-0.39
0.522	-0.78
-0.778	-0.138
0.954	-0.724
0.236	-0.418
-0.872	-0.956
0.892	-0.016
-0.808	-0.064
0.786	-0.752
-0.992	-0.126
-0.698	-0.126
-0.712	-0.392
0.97	-0.986
-0.308	-0.296
0.276	-0.708
-0.154	-0.836
0.31	-0.27
0.266	-0.978
-0.69	-0.726
0.59	-0.898
0.726	-0.498
-0.46	-0.678
-0.88	-0.78
-0.964	-0.066
0.282	-0.15
-0.728	-0.704
-0.466	-0.062
-0.772	-0.876
-0.762	-0.028
0.522	-0.598
-0.89	-0.08
0.472	-0.904
0.772	-0.552
-0.608	-0.104
0.618	-0.074
-0.46	-0.45
0.05	-0.714
-0.552	-0.704
0.38	-0.93
-0.39	-0.602
-0.602	-0.162
-0.604	-0.16
0.134	-0.74
-0.376	-0.622
-0.19	-0.62
0.222	-0.858
0.688	-0.352
0.422	-0.006
-0.818	-0.936
-0.306	-0.98
0.684	-0.436
0.026	-0.094
-0.294	-0.548
0.57	-0.18
0.292	-0.22
-0.406	-0.822
-0.992	-0.718
-0.802	-0.326
0.734	-0.478
-0.302	-0.162
-0.116	-0.71
-0.16	-0.384
0.902	-0.75
-0.798	-0.362
-0.622	-0.868
-0.732	-0.568
0.622	-0.534
0.108	-0.94
0.694	-0.49
-0.102	-0.24
-0.686	-0.79
0.204	-0.42
-0.17	-0.116
0.234	-0.65
0.91	-0.68
-0.298	-0.19
-0.674	-0.398
0.928	-0.388
0.608	-0.28
-0.776	-0.204
-0.332	-0.548
-0.044	-0.656
-0.462	-0.788
0.022	-0.608
0.084	-0.274
0.326	-0.472
-0.634	-0.644
-0.098	-0.256
0.386	-0.316
-0.034	-0.652
-0.866	-0.116
-0.686	-0.736
0.154	-0.318
0.326	-0.716
-0.954	-0.808
-0.818	-0.004
0.086	-0.376
0.378	-0.306
0.712	-0.118
-0.426	-0.448
-0.53	-0.192
-0.526	-0.216
-0.984	-0.606
0.004	-0.902
-0.056	-0.274
-0.762	-0.748
-0.802	-0.986
-0.424	-0.426
0.114	-0.932
0.034	-0.444
-0.382	-0.148
0.692	-0.418
-0.466	-0.722
0.656	-0.644
-0.812	-0.968
0.31	-0.372
0.352	-0.736
0.642	-0.668
-0.778	-0.244
-0.342	-0.832
0.604	-0.06
-0.244	-0.996
-0.014	-0.772
-0.356	-0.724
-0.982	-0.3
-0.458	-0.636
0.826	-0.156
0.43	-0.454
0.886	-0.284
0.656	-0.582
0.126	-0.948
0.11	-0.886
-0.72	-0.834
0.556	-0.362
-0.772	-0.722
0.34	-0.23
-0.374	-0.628
-0.81	-0.682
-0.846	-0.816
-0.73	-0.586
-0.178	-0.502
0.398	-0.134
0.972	-0.254
-0.352	-0.086
0.992	-0.656
-0.344	-0.346
-0.168	-0.542
0.74	-0.414
0.278	-0.952
-0.904	-0.864
0.568	-0.348
0.33	-0.756
0.16	-0.978
0.478	-0.37
-0.592	-0.74
-0.604	-0.68
-0.922	-0.448
-0.696	-0.888
-0.202	-0.594
-0.204	-0.338
-0.57	-0.246
-0.33	-0.916
0.23	-0.35
-0.954	-0.972
0.038	-0.51
-0.392	-0.954
-0.398	-0.89
-0.228	-0.708
-0.118	-0.436
0.23	-0.402
0.956	-0.47
0.756	-0.052
0.916	-0.174
-0.822	-0.92
-0.182	-0.214
0.524	-0.628
-0.72	-0.62
0.07	-0.222
0.424	-0.648
0.656	-0.914
0.034	-0.794
-0.76	-0.924
-0.388	-0.606
-0.226	-0.788
-0.086	-0.938
0.492	-0.26
0.122	-0.084
0.092	-0.222
-0.104	-0.258
0.522	-0.876
0.666	-0.618
0.476	-0.722
0.48	-0.046
0.194	-0.432
-0.394	-0.322
-0.838	-0.14
-0.75	-0.606
-0.366	-0.852
-0.036	-0.41
0.1	-0.326
-0.794	-0.944
-0.542	-0.094
-0.78	-0.756
-0.332	-0.474
-0.678	-0.026
-0.634	-0.164
-0.248	-0.966
0.428	-0.914
0.64	-0.234
0.442	-0.476
0.008	-0.552
0.506	-0.78
-0.808	-0.556
0.056	-0.44
-0.402	-0.06
0.976	-0.812
0.34	-0.396
-0.674	-0.264
-0.546	-0.358
-0.93	-0.534
-0.89	-0.87
-0.544	-0.346
0.094	-0.568
-0.878	-0.114
0.848	-0.552
0.622	-0.016
-0.36	-0.22
-0.668	-0.65
-0.82	-0.166
-0.042	-0.976
0.098	-0.172
0.246	-0.892
0.934	-0.004
0.308	-0.608
-0.918	-0.804
0.188	-0.782
0.394	-0.146
-0.942	-0.228
-0.784	-0.092
-0.134	-0.284
-0.828	-0.626
-0.818	-0.542
-0.256	-0.912
-0.11	-0.48
-0.662	-0.748
-0.786	-0.446
-0.394	-0.858
0.4	-0.428
0.68	-0.006
0.46	-0.102
0.452	-0.552
0.576	-0.598
0.866	-0.818
0.534	-0.818
-0.914	-0.978
0.91	-0.068
0.152	-0.5
0.506	-0.272
-0.096	-0.924
0.616	-0.848
0.04	-0.654
-0.42	-0.95
-0.584	-0.364
-0.456	-0.32
-0.682	-0.72
0.9	-0.968
-0.876	-0.84
0.212	-0.532
0.104	-0.618
0.392	-0.114
-0.75	-0.704
-0.7	-0.212
0.378	-0.788
-0.81	-0.374
-0.7	-0.148
-0.556	-0.282
0.914	-0.362
0.458	-0.086
-0.472	-0.15
-0.494	-0.222
0.852	-0.194
0.722	-0.54
0.178	-0.892
0.458	-0.364
-0.808	-0.768
0.47	-0.956
-0.798	-0.462
-0.214	-0.316
-0.71	-0.976
-0.828	-0.104
0.032	-0.454
-0.26	-0.18
-0.446	0
0.71	-0.718
-0.012	-0.394
-0.35	-0.038
-0.096	-0.372
-0.504	-0.84
-0.546	-0.206
-0.682	-0.798
0.978	-0.804
-0.844	-0.608
-0.002	-0.598
-0.02	-0.504
-0.568	-0.15
0.006	-0.226
-0.966	0
0.154	-0.986
0.902	-0.986
0.486	-0.718
0.606	-0.26
-0.246	-0.258
0.64	-0.916
0.312	-0.79
-0.774	-0.138
0.004	-0.208
0.074	-0.268
-0.25	-0.32
-0.824	-0.792
-0.918	-0.498
0.778	-0.574
0.29	-0.438
-0.648	-0.912
-0.39	-0.97
0.466	-0.264
-0.546	-0.544
0.234	-0.222
0.566	-0.962
-0.874	-0.12
-0.436	-0.762
-0.854	-0.662
0.536	-0.304
-0.766	-0.358
-0.742	-0.726
-0.476	-0.284
-0.794	-0.684
-0.366	-0.518
-0.012	-0.89
-0.652	-0.258
-0.404	-0.068
0.244	-0.164
0.48	-0.08
-0.746	-0.844
0.762	-0.172
0.228	-0.604
-0.986	-0.782
0.194	-0.404
-0.552	-0.238
-0.698	-0.294
-0.574	-0.256
-0.182	-0.812
-0.724	-0.248
0.288	-0.71
-0.03	-0.502
-0.24	-0.746
0.482	-0.666
0.93	-0.366
-0.548	-0.898
0.252	-0.13
0.364	-0.18
0.274	-0.506
0.566	-0.204
-0.332	-0.36
0.992	-0.404
-0.568	-0.218
-0.414	-0.636
-0.88	-0.614
-0.51	-0.838
-0.148	-0.442
0.688	-0.874
-0.474	-0.362
-0.546	-0.63
0.596	-0.222
-0.362	-0.914
-0.582	-0.224
-0.41	-0.778
0.296	-0.634
0.87	-0.96
0.402	-0.276
0.222	-0.96
0.514	-0.132
-0.766	-0.138
0.968	-0.802
0.796	-0.078
-0.3	-0.08
-0.598	-0.456
-0.558	-0.008
-0.234	-0.56
-0.964	-0.938
-0.194	-0.164
-0.314	-0.324
0.12	-0.016
-0.46	-0.656
0.728	-0.944
0.622	-0.176
-0.484	-0.706
0.726	-0.688
0.216	-0.574
-0.03	-0.622
-0.39	-0.56
0.71	-0.874
0.458	-0.044
0.716	-0.612
0.212	-0.632
0.634	-0.062
-0.93	-0.382
0.702	-0.512
-0.814	-0.48
0.84	-0.902
-0.15	-0.266
0.208	-0.592
0.364	-0.546
0.122	-0.242
-0.6	-0.13
0.49	-0.106
0.366	-0.396
-0.91	-0.424
-0.718	-0.404
-0.81	-0.106
0.498	-0.014
-0.204	-0.81
-0.192	-0.43
0.966	-0.858
-0.896	-0.336
-0.866	-0.722
0.836	-0.878
-0.792	-0.974
0.016	-0.224
-0.714	-0.486
-0.676	-0.176
0.366	-0.324
0.188	-0.66
0.858	-0.092
0.116	-0.152
-0.326	-0.438
0.776	-0.008
-0.208	-0.478
-0.29	-0.688
0.618	-0.296
-0.28	-0.016
-0.604	-0.192
-0.11	-0.582
0.966	-0.696
-0.27	-0.71
0.714	-0.186
-0.96	-0.046
-0.208	-0.164
0.45	-0.298
-0.308	-0.648
-0.268	-0.028
-0.752	-0.316
-0.15	-0.464
0.564	-0.436
0.352	-0.69
0.518	-0.152
0.146	-0.726
0.654	-0.586
-0.106	-0.54
-0.702	-0.626
-0.666	-0.174
0.408	-0.86
-0.196	-0.038
-0.322	-0.63
0.528	-0.97
-0.122	-0.47
-0.974	-0.892
-0.97	-0.812
-0.174	-0.076
0.184	-0.644
0.186	-0.668
-0.402	-0.914
0.126	-0.82
-0.348	-0.9
0.16	-0.026
-0.028	-0.592
0.622	-0.502
-0.41	-0.192
0.378	-0.764
0.11	-0.32
-0.678	-0.06
-0.138	-0.654
-0.122	-0.05
0.57	-0.766
0.754	-0.23
-0.93	-0.084
0.746	-0.59
0.92	-0.886
0.848	-0.996
-0.314	-0.28
-0.398	-0.748
0.066	-0.896
-0.078	-0.146
0.922	-0.322
0.626	-0.302
-0.702	-0.924
-0.096	-0.878
-0.304	-0.732
0.882	-0.534
0.076	-0.308
-0.56	-0.64
-0.256	-0.158
0.38	-0.178
-0.202	-0.32
0.25	-0.802
0.664	-0.822
0.298	-0.18
0.05	-0.46
-0.464	-0.57
-0.066	-0.996
0.766	-0.414
0.84	-0.568
-0.98	-0.632
-0.76	-0.482
-0.966	-0.212
0.602	-0.736
0.834	-0.348
-0.456	-0.088
-0.838	-0.712
-0.908	-0.15
-0.594	-0.676
-0.134	-0.56
-0.158	-0.922
-0.07	-0.556
0.098	-0.444
-0.458	-0.116
0.06	-0.652
0.342	-0.938
-0.612	-0.062
-0.108	-0.796
-0.118	-0.966
-0.338	-0.316
0.57	-0.87
-0.184	-0.378
0.466	-0.718
-0.344	-0.192
0.074	-0.144
-0.654	-0.366
-0.468	-0.824
-0.796	-0.002
-0.354	-0.694
0.114	-0.326
-0.184	-0.486
0.202	-0.616
-0.716	-0.732
0.35	-0.204
-0.892	-0.742
-0.5	-0.056
0.278	-0.176
-0.846	-0.882
-0.13	-0.2
0.874	-0.048
0.264	-0.976
-0.512	-0.534
0.112	-0.402
-0.552	-0.9
0.57	-0.498
-0.24	-0.898
0.326	-0.258
0.63	-0.816
-0.14	-0.498
0.532	-0.72
-0.846	-0.144
0.676	-0.676
-0.888	-0.834
-0.53	-0.428
0.916	-0.42
-0.854	-0.266
0.366	-0.35
0.008	-0.664
0.412	-0.712
-0.426	-0.208
0.432	-0.22
-0.084	-0.252
-0.114	-0.278
-0.922	-0.326
-0.038	-0.424
-0.716	-0.034
-0.478	-0.202
-0.422	-0.392
0.954	-0.294
0.096	-0.384
-0.936	-0.238
-0.63	-0.79
-0.136	-0.75
0.216	-0.912
0.856	-0.614
-0.192	-0.538
0.078	-0.714
-0.332	-0.728
0.34	-0.604
0.394	-0.586
0.31	-0.038
-0.334	-0.158
-0.048	-0.032
-0.99	-0.708
0.366	-0.892
0.07	-0.922
-0.776	-0.878
-0.504	-0.152
-0.086	-0.342
-0.754	-0.442
-0.178	-0.292
-0.554	-0.188
0.81	-0.838
-0.996	-0.53
0.868	-0.5
-0.976	-0.74
0.216	-0.038
-0.612	-0.33
0.864	-0.086
0.852	-0.572
0.944	-0.166
-0.776	-0.784
-0.504	-0.708
-0.714	-0.804
-0.644	-0.438
-0.668	-0.328
0.974	-0.54
0.376	-0.106
-0.442	-0.098
0.194	-0.222
0.45	-0.9
0.894	-0.964
-0.808	-0.07
-0.292	-0.808
0.356	-0.772
-0.562	-0.318
0.302	-0.664
-0.874	-0.868
-0.72	-0.414
-0.386	-0.146
-0.2	-0.492
0.438	-0.696
0.89	-0.006
0.222	-0.324
-0.216	-0.884
0.486	-0.668
-0.614	-0.76
-0.786	-0.312
0.744	-0.424
-0.936	-0.472
0.396	-0.714
0.158	-0.1
0.55	-0.58
-0.34	-0.918
-0.06	-0.542
0.984	-0.134
-0.306	-0.88
0.148	-0.496
0.542	-0.578
-0.608	-0.24
0.856	-0.658
-0.756	-0.856
-0.798	-0.2
-0.652	-0.678
-0.344	-0.194
-0.178	-0.03
-0.982	-0.46
0.526	-0.78
0.34	-0.432
-0.362	-0.608
0.084	-0.652
-0.936	-0.56
0.278	-0.396
0.09	-0.226
0.036	-0.126
-0.544	-0.52
-0.038	-0.384
0.234	-0.316
0.436	-0.52
-0.674	-0.83
-0.51	-0.14
0.674	-0.06
0.966	-0.512
-0.232	-0.94
-0.46	-0.736
0.374	-0.634
0.066	-0.284
-0.672	-0.972
-0.906	-0.054
0.76	-0.05
0.09	-0.126
0.514	-0.842
-0.11	-0.668
-0.584	-0.368
-0.668	-0.172
0.774	-0.202
0.804	-0.6
0.234	-0.4
0.61	-0.218
-0.194	-0.388
-0.144	-0.592
-0.012	-0.276
0.554	-0.402
-0.882	-0.964
-0.634	-0.374
0.142	-0.694
0.228	-0.31
0.882	-0.226
0.212	-0.864
0.746	-0.5
0.788	-0.398
-0.092	-0.224
-0.2	-0.71
-0.75	-0.828
0.706	-0.818
-0.706	-0.27
0.678	-0.822
0.732	-0.576
0.99	-0.776
0.704	-0.534
-0.244	-0.632
-0.336	-0.82
-0.326	-0.768
0.928	-0.03
-0.036	-0.69
0.852	-0.532
0.408	-0.872
-0.232	-0.914
0.616	-0.5
0.214	-0.69
-0.93	-0.908
-0.63	-0.266
-0.032	-0.096
-0.986	-0.364
0.104	-0.376
-0.302	-0.424
0.416	-0.684
-0.66	-0.49
-0.208	-0.776
0.02	-0.662
0.382	-0.324
-0.098	-0.898
0.312	-0.178
0.968	-0.582
-0.85	-0.332
0.698	-0.73
0.688	-0.224
0.12	-0.292
0.946	-0.008
-0.608	-0.198
0.66	-0.91
0.072	-0.948
0.57	-0.914
0.774	-0.74
0.994	-0.998
0.674	-0.436
0.956	-0.664
-0.608	-0.724
0.71	-0.838
-0.264	-0.5
-0.142	-0.138
-0.686	-0.394
0.874	-0.442
-0.676	-0.732
-0.166	-0.366
0.312	-0.194
-0.562	-0.758
0.484	-0.174
-0.362	-0.156
-0.772	-0.8
0.706	-0.458
0.512	-0.692
0.532	-0.644
0.62	-0.124
0.466	-0.98
-0.394	-0.442
-0.29	-0.09
-0.938	-0.374
-0.98	-0.13
0.746	-0.966
-0.634	-0.368
0.798	-0.304
0.934	-0.846
-0.986	-0.814
-0.752	-0.966
0.76	-0.888
-0.62	-0.788
-0.15	-0.254
-0.156	-0.352
-0.854	-0.592
0.758	-0.894
0.696	-0.412
-0.258	-0.914
0.074	-0.256
0.668	-0.722
0.142	-0.614
-0.578	-0.07
-0.794	-0.198
-0.746	-0.31
-0.59	-0.6
0.098	-0.128
0.834	-0.094
-0.188	-0.112
0.386	-0.408
-0.854	-0.96
-0.222	-0.182
0.526	-0.356
0.488	-0.182
-0.402	-0.126
0.41	-0.768
0.336	-0.016
-0.586	-0.814
0.766	-0.762
-0.1	-0.78
0.798	-0.886
0.802	-0.15
0.642	-0.396
0.912	-0.598
0.812	-0.014
-0.936	-0.43
0.758	-0.492
0.434	-0.466
-0.352	-1
0.776	-0.548
-0.312	-0.608
-0.002	-0.578
-0.688	-0.09
-0.176	-0.862
0.486	-0.364
0.91	-0.098
-0.8	-0.626
0.41	-0.97
0.736	-0.156
0.304	-0.442
0.074	-0.142
0.066	-0.532
0.504	-0.75
0.482	-0.48
0.864	-0.692
-0.342	-0.946
0.648	-0.512
-0.906	-0.49
0.244	-0.626
-0.65	-0.486
-0.604	-0.084
-0.456	-0.834
-0.912	-0.5
0.454	-0.29
-0.184	-0.978
0.722	-0.82
0.636	-0.236
0.602	-0.726
0.352	-0.972
0.866	-0.388
-0.876	-0.034
-0.768	-0.33
0.132	-0.678
0.874	-0.64
0.616	-0.866
0.574	-0.012
-0.812	-0.866
0.788	-0.754
0.98	-0.266
0.874	-0.894
-0.596	-0.19
0.132	-0.942
0.892	-0.85
-0.42	-0.788
-0.716	-0.844
0.2	-0.784
-0.93	-0.638
-0.548	-0.036
-0.504	-0.056
0.21	-0.34
0.394	-0.216
0.596	-0.112
0.992	-0.82
0.1	-0.356
-0.74	-0.744
0.608	-0.244
-0.878	-0.888
0.416	-0.78
0.602	-0.878
0.334	-0.338
0.708	-0.106
0.658	-0.594
0.778	-0.768
-0.696	-0.122
-0.124	-0.436
-0.29	-0.854
0.154	-0.17
0.362	-0.332
0.33	-0.922
-0.852	-0.588
-0.382	-0.548
0.996	-0.802
-0.122	-0.2
0.892	-0.264
0.632	-0.74
0.352	-0.736
0.956	-0.384
-0.306	-0.596
0.73	-0.282
0.106	0
-0.814	-0.572
-0.842	-0.818
-0.982	-0.282
0.624	-0.104
0.778	-0.466
-0.72	-0.768
0.514	-0.006
0.67	-0.154
-0.126	-0.608
0.564	-0.502
-0.06	-0.5
-0.84	-0.914
0.892	-0.804
0.538	-0.606
-0.374	-0.972
0.654	-0.368
0.112	-0.508
0.486	-0.506
-0.12	-0.64
-0.114	-0.554
0.564	-0.122
-0.766	-0.716
-0.216	-0.928
0.966	-0.472
0.736	-0.438
-0.498	-0.714
0.506	-0.844
0.358	-0.16
-0.76	-0.76
0.414	-0.08
0.754	-0.378
-0.2	-0.462
-0.306	-0.234
-0.968	-0.502
0.98	-0.812
-0.332	-0.004
0.814	-0.426
-0.958	-0.054
-0.728	-0.666
0.806	-0.188
0.31	-0.38
-0.06	-0.784
-0.476	-0.606
0.244	-0.424
0.97	-0.382
0.574	-0.512
0.032	-0.676
-0.734	-0.928
-0.302	-0.928
0.912	-0.102
-0.174	-0.852
-0.832	-0.864
-0.044	-0.384
-1	-0.02
0.878	-0.636
-0.236	-0.232
-0.46	-0.278
0.424	-0.998
-0.442	-0.704
0.362	-0.704
0.198	-0.054
0.902	-0.142
0.274	-0.216
-0.358	-0.19
0.878	-0.836
0.992	-0.286
0.996	-0.468
0.436	-0.876
0.24	-0.302
-0.578	-0.916
-0.278	-0.932
-0.686	-0.01
0.222	-0.32
0.394	-0.146
0.684	-0.604
-0.064	-0.894
0.272	-0.262
-0.806	-0.448
-0.688	-0.1
0.51	-0.1
0.602	-0.69
0.592	-0.176
0.326	-0.01
-0.702	-0.738
-0.778	-0.262
-0.666	-0.756
0.472	-0.452
-0.002	-0.572
-0.744	-0.696
-0.184	-0.838
-0.45	-0.428
0.256	-0.602
0.732	-0.086
0.958	-0.964
-0.826	-0.008
-0.678	-0.826
-0.674	-0.128
0.036	-0.044
0.59	-0.358
0.896	-0.62
-0.712	-0.892
-0.318	-0.932
-0.896	-0.848
-0.996	-0.588
0.892	-0.558
-0.168	-0.46
-0.08	-0.184
-0.536	-0.64
-0.566	-0.368
0.864	-0.236
-0.5	-0.464
-0.198	-0.606
0.772	-0.442
0.174	-0.7
-0.88	-0.314
-0.43	-0.446
0.864	-0.226
-0.428	-0.634
0.464	-0.598
0.714	-0.602
-0.362	-0.712
0.344	-0.836
-0.674	-0.832
-0.218	-0.664
0.718	-0.466
0.24	-0.352
-0.814	-0.128
-0.218	-0.71
-0.878	-0.17
-0.002	-0.286
-0.248	-0.574
-0.708	-0.76
0.468	-0.618
-0.48	-0.624
0.196	-0.84
-0.168	-0.004
-0.428	-0.356
0.474	-0.532
-0.692	-0.822
0.148	-0.012
-0.314	-0.656
0.854	-0.186
0.02	-0.25
-0.01	-0.722
0.546	-0.53
-0.05	-0.694
0.91	-0.922
-0.578	-0.034
0.016	-0.99
0.754	-0.9
0.602	-0.442
0.54	-0.002
0.468	-0.332
-0.824	-0.58
0.184	-0.05
-0.11	-0.69
-0.508	-0.37
0.732	-0.604
0.926	-0.43
-0.43	-0.83
0.57	-0.802
0.57	-0.862
0.244	-0.998
0.656	-0.566
-0.852	-0.018
-0.854	-0.182
-0.262	-0.592
-0.748	-0.528
-0.196	-0.116
-0.644	-0.45
-0.388	-0.432
0.114	-0.506
0.174	-0.906
0.512	-0.766
-0.356	-0.332
0.198	-0.286
-0.028	-0.614
0.804	-0.756
0.72	-0.582
-0.188	-0.38
0.622	-0.704
0.632	-0.264
-0.21	-0.194
0.744	-0.118
-0.968	-0.848
0.57	-0.032
0.916	-0.956
-0.502	-0.272
0.368	-0.852
-0.97	-0.3
0.7	-0.558
0.954	-0.374
0.508	-0.418
0.604	-0.754
0.438	-0.104
0.956	-0.71
0.062	-0.532
-0.88	-0.132
-0.936	-0.026
0.838	-0.028
0.376	-0.948
-0.418	-0.52
0.688	-0.502
-0.386	-0.262
0.314	-0.478
-0.35	-0.666
0.734	-0.284
-0.988	-0.722
-0.67	-0.35
0.076	-0.372
0.05	-0.638
0.812	-0.542
-0.782	-0.796
0.41	-0.066
0.086	-0.272
0.286	-0.258
0.032	-0.384
0.092	-0.918
-0.02	-0.096
0.812	-0.094
0.758	-0.632
0.302	-0.446
-0.256	-0.478
-0.612	-0.198
0.546	-0.256
-0.944	-0.618
0.704	-0.7
-0.668	-0.906
0.772	-0.208
0.352	-0.732
0.63	-0.102
0.986	-0.78
-0.48	-0.352
0.502	-0.782
-0.06	-0.634
-0.676	-0.88
-0.838	-0.342
0.05	-0.586
-0.902	-0.472
-0.546	-0.646
0.662	-0.988
-0.638	-0.048
0.056	-0.194
-0.602	-0.442
0.024	-0.958
0.63	-0.504
0.938	-0.342
0.322	-0.196
0.6	-0.732
-0.142	-0.328
0.388	-0.906
-0.442	-0.85
-0.262	-0.714
-0.216	-0.166
0.73	-0.19
-0.178	-0.276
-0.008	-0.86
0.312	-0.446
0.778	-0.798
-0.348	-0.098
-0.342	-0.596
-0.794	-0.846
-0.01	-0.968
0.77	-0.984
-0.742	-0.632
-0.872	-0.084
-0.164	-0.266
-0.11	-0.964
-0.262	-0.416
0.918	-0.442
0.012	-0.608
-0.916	-0.578
-0.01	-0.378
-0.04	-0.062
0.706	-0.9
-0.416	-0.856
0.848	-0.822
-0.238	-0.044
-0.782	-0.044
-0.538	-0.436
-0.376	-0.844
0.892	-0.09
0.89	-0.43
0.838	-0.54
-0.286	-0.934
0.152	-0.342
-0.846	-0.926
-0.724	-0.924
0.198	-0.1
-0.486	-0.172
0.086	-0.422
0.598	-0.666
0.084	-0.092
0.758	-0.612
0.158	-0.744
-0.668	-0.846
0.946	-0.392
-0.06	-0.272
-0.41	-0.018
-0.076	-0.356
0.684	-0.974
-0.16	-0.854
0.324	-0.722
-0.278	-0.758
-0.45	-0.048
-0.908	-0.236
-0.802	-0.182
-0.256	-0.768
-0.018	-0.61
0.46	-0.334
-0.584	-0.7
-0.756	-0.158
0.412	-0.892
0.092	-0.866
0.778	-0.256
-0.024	-0.456
0.914	-0.968
0.44	-0.272
-0.728	-0.61
0.572	-0.212
0.822	-0.346
-0.496	-0.202
-0.77	-0.908
-0.982	-0.408
-0.59	-0.716
0.818	-0.91
0.532	-0.86
-0.53	-0.548
-0.242	-0.334
-0.102	-0.556
0.946	-0.488
-0.802	-0.24
-0.118	-0.782
-0.912	-0.262
-0.984	-0.976
-0.112	-0.108
-0.958	-0.424
-0.778	-0.246
0.902	-0.282
0.314	-0.886
-0.652	-0.334
-0.458	-0.098
-0.074	-0.41
-0.844	-0.672
-0.642	-0.802
-0.07	-0.036
-0.794	-0.138
0.516	-0.858
-0.364	-0.75
-0.526	-0.756
0.164	-0.09
0.484	-0.202
-0.636	-0.2
0.834	-0.346
-0.666	-0.206
-0.432	-0.7
0.602	-0.19
-0.55	-0.144
-0.084	-0.714
0.388	-0.216
0.198	-0.126
0.584	-0.52
0.306	-0.68
-0.398	-0.994
0.122	-0.386
-0.532	-0.322
-0.186	-0.15
0.706	-0.396
0.36	-0.378
0.596	-0.25
0.408	-0.206
-0.716	-0.992
-0.634	-0.452
-0.414	-0.918
-0.302	-0.324
-0.614	-0.784
-0.434	-0.752
-0.438	-0.838
0.702	-0.326
0.66	-0.97
0.628	-0.282
0.078	-0.408
0.746	-0.85
-0.768	-0.948
-0.446	-0.038
-0.1	-0.634
-0.47	-0.902
-0.16	-0.81
-0.466	-0.538
-0.366	-0.158
-0.798	-0.584
0.434	-0.348
0.27	-0.424
0.842	-0.938
0.684	-0.602
0.85	-0.764
0.552	-0.486
-0.664	-0.814
-0.4	-0.422
-0.928	-0.006
-0.828	-0.476
-0.992	-0.724
-0.468	-0.436
-0.486	-0.376
0.428	-0.48
-0.294	-0.09
0.008	-0.282
-0.594	-0.688
0.294	-0.852
0.95	-0.242
-0.688	-0.1
0.504	-0.168
0.55	-0.2
0.688	-0.424
-0.862	-0.938
-0.038	-0.956
-0.106	-0.616
0.728	-0.884
-0.946	-0.748
-0.042	-0.402
0.776	-0.888
-0.318	-0.392
-0.322	-0.664
0.374	-0.724
-0.916	-0.952
0.52	-0.046
0.07	-0.43
-0.538	-0.108
-0.874	-0.876
-0.058	-0.826
0.214	-0.136
-0.596	-0.412
0.63	-0.728
0.878	-0.852
0.808	-0.89
0.96	-0.968
-0.698	-0.882
-0.848	-0.464
-0.914	-0.93
-0.896	-0.51
-0.724	-0.006
0.274	-0.66
0.296	-0.56
-0.898	-0.894
-0.646	-0.042
0.282	-0.696
0.306	-0.418
-0.078	-0.608
0.846	-0.884
0.268	-0.046
0.662	-0.142
-0.732	-0.782
0.812	-0.288
-0.72	-0.882
0.358	-0.71
-0.3	-0.002
0.39	-0.168
-0.946	-0.584
-0.292	-0.58
0.274	-0.648
0.474	-0.974
0.774	-0.014
-0.598	-0.826
-0.268	-0.85
0.654	-0.466
0.658	-0.868
-0.776	-0.152
0.718	-0.372
0.728	-0.872
0.092	-0.102
-0.652	-0.328
-0.116	-0.874
0.1	-0.774
-0.226	-0.972
0.028	-0.42
-0.846	-0.64
-0.69	-0.53
0.11	-0.206
0.668	-0.53
0.574	-0.686
0.744	-0.816
-0.698	-0.434
-0.026	-0.716
0.946	-0.33
0.364	-0.04
0.754	-0.782
-0.646	-0.24
-0.124	-0.71
0.918	-0.55
-0.772	-0.774
-0.048	-0.414
0.624	-0.704
-0.234	-0.726
-0.034	-0.166
-0.986	-0.012
0.35	-0.028
0.246	-0.288
0.59	-0.098
-0.696	-0.818
-0.336	-0.022
0.816	-0.018
-0.118	-0.746
0.366	-0.93
0.434	-0.264
0.322	-0.352
-0.846	-0.324
-0.02	-0.182
-0.752	-0.684
0.508	-0.57
-0.316	-0.04
-0.57	-0.3
-0.226	-0.5
-0.65	-0.09
-0.362	-0.358
0.994	-0.552
-0.364	-0.024
0.268	-0.004
0.29	-0.78
0.438	-0.77
-0.666	-0.656
0.304	-0.542
-0.578	-0.922
-0.658	-0.986
-0.89	-0.314
-0.634	-0.654
0.152	-0.64
-0.736	-0.29
0.4	-0.402
-0.68	-0.642
0.888	-0.258
0.568	-0.142
0.01	-0.776
-0.09	-0.796
0.6	-0.396
0.202	-0.706
-0.568	-0.774
0.672	-0.502
-0.314	-0.854
-0.418	-0.782
0.416	-0.944
-0.212	-0.306
-0.964	-0.956
-0.58	-0.624
-0.428	-0.276
-0.894	-0.138
-0.336	-0.534
0.95	-0.196
-0.808	-0.378
-0.404	-0.236
0.346	-0.72
0.872	-0.318
-0.11	-0.452
0.788	-0.722
0.968	-0.558
0.666	-0.218
-0.39	-0.738
-0.75	-0.34
0.246	-0.172
0.016	-0.902
0.842	-0.914
-0.894	-0.664
-0.636	-0.926
0.482	-0.85
0.522	-0.928
-0.888	-0.896
-0.362	-0.448
0.928	-0.148
-0.664	-0.856
-0.378	-0.944
0.464	-0.976
0.064	-0.408
0.644	-0.454
-0.38	-0.712
0.762	-0.822
0.988	-0.444
0.108	-0.346
-0.816	-0.852
0.416	-0.614
0.114	-0.886
0.858	-0.822
-0.922	-0.95
-0.772	-0.708
-0.538	-0.078
-0.748	-0.338
0.792	-0.23
-0.502	-0.788
-0.58	-0.168
-0.118	-0.976
0.02	-0.792
0.442	-0.426
-0.9	-0.602
0.238	-0.354
-0.756	-0.246
-0.306	-0.106
-0.524	-0.512
0.48	-0.582
-0.736	-0.5
-0.92	-0.652
0.772	-0.226
0.948	-0.048
-0.056	-0.162
-0.55	-0.838
-0.81	-0.806
0.65	-0.654
-0.234	-0.534
0.04	-0.902
-0.828	-0.18
-0.766	-0.018
0.838	-0.686
-0.966	-0.686
0.794	-0.314
0.708	-0.086
0.304	-0.136
0.78	-0.782
-0.636	-0.326
-0.588	-0.96
0.726	-0.232
-0.538	-0.81
-0.092	-0.228
-0.932	-0.894
-0.822	-0.502
-0.126	-0.434
0.13	-0.818
-0.578	-0.77
-0.472	-0.622
-0.3	-0.52
-0.136	-0.276
-0.812	-0.342
-0.574	-0.174
0.636	-0.156
-0.886	-0.174
0.398	-0.464
0.058	-0.37
-0.674	-0.11
-0.924	-0.294
0.16	-0.736
0.364	-0.42
0.614	-0.54
-0.246	-0.256
0.286	-0.878
0.942	-0.078
0.67	-0.658
0.872	-0.76
0.026	-0.07
-0.128	-0.356
0.536	-0.962
0.634	-0.684
0.448	-0.206
-0.42	-0.188
-0.562	-0.642
0.28	-0.708
0.426	-0.876
0.844	-0.308
0.008	-0.976
-0.726	-0.708
0.54	-0.646
0.63	-0.004
0.288	-0.596
0.738	-0.932
-0.42	-0.364
0.176	-1
0.724	-0.544
-0.518	-0.542
0.728	-0.274
0.516	-0.368
-0.396	-0.732
0.852	-0.33
0.544	-0.704
0.808	-0.976
0.056	-0.532
0.624	-0.89
-0.392	-0.944
-0.162	-0.172
-0.312	-0.854
-0.414	-0.946
0.682	-0.97
0.456	-0.482
-0.532	-0.282
-0.998	-0.902
-0.132	-0.67
-0.088	-0.82
-0.614	-0.546
0.304	-0.192
0.996	-0.66
0.076	-0.958
-0.956	-0.374
-0.646	-0.488
0.392	-0.772
-0.68	-0.368
0.826	-0.502
0.858	-0.914
0.536	-0.394
0.12	-0.832
0.654	-0.566
-0.174	-0.95
-0.962	-0.876
0.72	-0.432
-0.378	-0.038
0.908	-0.878
0.418	-0.58
-0.72	-0.052
0.174	-0.914
0.188	-0.758
-0.28	-0.96
0.346	-0.08
-0.778	-0.028
-0.258	-0.192
0.16	-0.348
-0.426	-0.12
0.312	-0.668
0.94	-0.582
-0.12	-0.558
-0.08	-0.312
0.346	-0.29
-0.052	-0.586
0.75	-0.634
-0.852	-0.57
0.638	-0.96
-0.848	-0.486
0.202	-0.732
-0.076	-0.452
-0.022	-0.578
0.936	-0.166
-0.08	-0.594
-0.364	-0.92
-0.882	-0.034
-0.6	-0.538
0.9	-0.026
0.058	-0.78
-0.012	-0.064
0.772	-0.958
-0.688	-0.158
-0.868	-0.05
-0.078	-0.05
-0.38	-0.976
-0.792	-0.668
0.41	-0.058
-0.804	-0.986
0.022	-0.708
0.728	-0.76
-0.28	-0.958
0.696	-0.29
0.344	-0.928
-0.718	-0.014
0.292	-0.198
-0.326	-0.684
0.26	-0.48
-0.584	-0.084
0.698	-0.42
-0.06	-0.45
0.052	-0.566
-0.056	-0.67
0.04	-0.678
-0.354	-0.16
0.428	-0.39
0.66	-0.86
0.534	-0.876
0.748	-0.452
-0.976	-0.85
0.568	-0.932
0.28	-0.756
0.848	-0.072
-0.426	-0.112
-0.568	-0.912
-0.466	-0.504
0.37	-0.806
0.368	-0.908
0.282	-0.496
-0.82	-0.478
0.706	-0.746
-0.434	-0.556
0.92	-0.342
-0.466	-0.814
0.514	-0.478
-0.308	-0.602
0.356	-0.536
-0.092	-0.216
0.444	-0.952
0.784	-0.336
0.306	-0.096
0.31	-0.976
-0.37	-0.002
0.312	-0.924
-0.26	-0.282
-0.428	-0.662
0.568	-0.938
-0.07	-0.648
0.666	-0.056
0.08	-0.838
-0.528	-0.67
-0.428	-0.878
-0.802	-0.202
0.516	-0.284
-0.694	-0.912
-0.068	-0.48
0.632	-0.988
0.388	-0.192
-0.656	-0.262
0.168	-0.428
-0.892	-0.556
-0.306	-0.668
0.13	-0.28
0.946	-0.354
0.436	-0.748
-0.168	-0.708
-0.52	-0.094
-0.674	-0.176
0.644	-0.058
-0.776	-0.3
-0.318	-0.052
-0.728	-0.178
-0.982	-0.966
-0.498	-0.774
-0.874	-0.018
0.132	-0.548
0.492	-0.08
-0.676	-0.898
-0.618	-0.968
-0.02	-1
-0.408	-0.114
-0.586	-0.39
0.218	-0.874
0.348	-0.952
-0.498	-0.674
-0.248	-0.764
-0.342	-0.768
-0.736	-0.104
-0.164	-0.984
-0.284	-0.538
0.842	-0.36
0.2	-0.824
-0.97	-0.344
0.722	-0.52
-0.124	-0.108
-0.498	-0.344
-0.916	-0.014
0.92	-0.18
-0.778	-0.662
-0.038	-0.554
0.482	-0.318
-0.156	-0.378
0.184	-0.48
-0.684	-0.614
0.02	-0.132
-0.722	-0.374
0.206	-0.232
0.754	-0.712
-0.184	-0.9
-0.97	-0.018
-0.83	-0.044
0.404	-0.79
-0.108	-0.16
-0.5	-0.194
-0.612	-0.826
-0.514	-0.7
-0.058	-0.144
0.502	-0.416
-0.202	-0.624
0.54	-0.88
-0.654	-0.14
0.666	-0.616
-0.05	-0.836
0.738	-0.86
0.28	-0.008
-0.162	-0.922
-0.096	-0.714
0.436	-0.358
-0.43	-0.156
0.908	-0.83
0.658	-0.05
-0.52	-0.504
0.732	-0.446
0.984	-0.958
-0.114	-0.96
-0.218	-0.312
-0.142	-0.066
-0.748	-0.342
-0.898	-0.046
0.148	-0.576
-0.278	-0.668
-0.08	-0.544
0.796	-0.568
-0.526	-0.98
0.04	-0.936
-0.938	-0.474
-0.248	-0.88
0.92	-0.684
0.054	-0.124
-0.912	-0.888
0.972	-0.964
0.154	-0.034
-0.876	-0.882
-0.324	-0.082
-0.768	-0.188
-0.566	-0.322
-0.462	-0.346
-0.474	-0.906
-0.086	-0.286
0.314	-0.352
0.216	-0.306
-0.73	-0.848
0.534	-0.218
-0.482	-0.048
0.022	-0.9
-0.52	-0.524
-0.756	-0.036
0.506	-0.8
0.028	-0.18
0.552	-0.052
0.23	-0.366
0.588	-0.764
0.386	-0.508
-0.084	-0.43
0.76	-0.38
-0.516	-0.3
0.606	-0.29
0.66	-0.676
-0.246	-0.084
0.37	-0.608
-0.772	-0.706
0.568	-0.208
0.414	-0.068
0.102	-0.46
-0.57	-0.212
-0.592	-0.19
0.702	-0.866
-0.644	-0.178
0.958	-0.562
0.208	-0.072
0.106	-0.206
-0.67	-0.088
-0.962	-0.24
-0.596	-0.252
0.946	-0.188
0.296	-0.832
-0.696	-0.778
-0.474	-0.008
0.59	-0.19
-0.012	-0.534
0.956	-0.202
0.26	-0.01
-0.546	-0.886
0.63	-0.688
-0.09	-0.074
-0.52	-0.222
0.186	-0.444
-0.398	-0.374
-0.574	-0.706
0.62	-0.482
-0.118	-0.984
0.7	-0.218
-0.116	-0.818
-0.602	-0.986
-0.524	-0.102
0.1	-0.728
0.778	-0.574
0.818	-0.898
-0.054	-0.136
-0.944	-0.52
0.524	-0.062
0.2	-0.038
-0.192	-0.474
0.308	-0.616
-0.016	-0.104
-0.434	-0.914
-0.014	-0.286
-0.314	-0.34
-0.796	-0.79
0.172	-0.246
0.52	-0.316
0.984	-0.676
0.414	-0.118
-0.106	-0.316
-0.568	-0.34
-0.48	-0.55
0.642	-0.742
-0.192	-0.672
0.828	-0.586
-0.624	-0.004
-0.416	-0.738
0.978	-0.474
0.526	-0.224
-0.854	-0.09
-0.72	-0.498
0.908	-0.824
0.788	-0.32
0.788	-0.294
0.974	-0.444
-0.364	-0.506
0.954	-0.044
-0.824	-0.556
0.262	-0.578
-0.822	-0.212
0.198	-0.676
-0.596	-0.972
0.234	-0.482
0.738	-0.066
-0.248	-0.648
0.112	-0.458
0.032	-0.1
-0.794	-0.564
0.534	-0.136
-0.904	-0.584
0.542	-0.81
0.472	-0.21
-0.654	-0.234
0.59	-0.48
0.85	-0.5
0.66	-0.912
-0.496	-0.918
0.82	-0.954
-0.024	-0.328
0.492	-0.804
-0.012	-0.316
-0.53	-0.382
-0.116	-0.518
-0.502	-0.35
-0.552	-0.208
0.09	-0.934
0.996	-0.7
-0.512	-0.458
0.422	-0.402
0.786	-0.79
0.66	-0.766
0.586	-0.618
0.864	-0.222
-0.076	-0.406
-0.686	-0.482
0.836	-0.558
-0.028	-0.174
-0.752	-0.352
0.44	-0.276
-0.58	-0.23
-0.242	-0.29
0.49	-0.218
0.922	-0.204
0.326	-0.06
0.382	-0.774
-0.856	-0.196
-0.342	-0.726
0.072	-0.728
0.79	-0.804
-0.614	-0.498
0.898	-0.584
-0.346	-0.71
0.144	-0.914
0.15	-0.442
-0.102	-0.632
-0.826	-0.904
-0.316	-0.224
-0.486	-0.17
-0.304	-0.202
0.6	-0.122
-0.384	-0.004
-0.118	-0.672
-0.308	-0.472
-0.926	-0.94
-0.826	-0.388
0.896	-0.388
0.448	-0.712
-0.434	-0.67
-0.908	-0.702
0.156	-0.466
0.298	-0.07
0.544	-0.624
-0.846	-0.59
-0.846	-0.81
-0.184	-0.984
0.254	-0.186
0.906	-0.448
0.748	-0.302
-0.564	-0.664
0.828	-0.368
-0.388	-0.85
0.204	-0.544
-0.132	-0.276
-0.216	-0.566
-0.308	-0.78
-0.12	-0.56
-0.84	-0.884
-0.308	-0.228
0.932	-0.814
0.958	-0.2
-0.09	-0.8
-0.472	-0.472
0.668	-0.452
0.562	-0.924
-0.312	-0.372
-0.474	-0.53
0.206	-0.184
0.822	-0.224
-0.206	-0.516
-0.72	-0.59
-0.314	-0.192
-0.694	-0.612
0.72	-0.406
0.978	-0.688
0.128	-0.726
-0.8	-0.198
0.372	-0.274
-0.718	-0.128
0.212	-0.436
0.986	-0.398
-0.924	-0.668
-0.302	-0.562
0.068	-0.582
0.032	-0.148
0.164	-0.154
0.604	-0.004
-0.534	-0.974
0.07	-0.458
-0.882	-0.332
-0.378	-0.896
-0.562	-0.666
0.008	-0.214
-0.094	-0.212
-0.838	-0.588
0.13	-0.864
-0.482	-0.728
0.762	-0.122
0.938	-0.604
-0.938	-0.32
0.404	-0.854
-0.122	-0.116
-0.46	-0.928
-0.564	-0.774
0.72	-0.278
0.838	-0.796
-0.278	-0.642
-0.928	-0.472
-0.956	-0.576
-0.294	-0.19
0.81	-0.186
0.66	-0.312
-0.598	-0.096
-0.894	-0.396
0.19	-0.2
-0.644	-0.4
0.61	-0.834
0.114	-0.014
0.434	-0.722
0.996	-0.396
0.298	-0.468
0.79	-0.02
-0.666	-0.054
-0.404	-0.47
-0.866	-0.088
0.402	-0.748
-0.112	-0.04
0.936	-0.106
0.296	-0.362
-0.476	-0.04
0.36	-0.216
-0.326	-0.34
-0.618	-0.46
0.4	-0.206
0.246	-0.084
-0.686	-0.932
-0.052	-0.408
0.488	-0.284
-0.54	-0.426
0.96	-0.198
-0.13	-0.996
-0.69	-0.268
-0.356	-0.652
0.208	-0.222
-0.714	-0.98
0.866	-0.458
-0.696	-0.494
-0.472	-0.386
0.238	-0.902
0.05	-0.594
-0.924	-0.264
-0.574	-0.606
0.876	-0.906
0.506	-0.838
-0.886	-0.526
0.72	-0.938
0.19	-0.75
-0.324	-0.57
0.132	-0.328
0.414	-0.818
0.782	-0.49
0.94	-0.68
-0.556	-0.984
0.056	-0.13
-0.59	-0.816
0.208	-0.008
0.782	-0.682
0.678	-0.026
-0.002	-0.802
-0.874	-0.218
-0.292	-0.932
-0.212	-0.138
-0.104	-0.972
-0.238	-0.246
-0.628	-0.09
0.678	-0.95
-0.412	-0.048
0.814	-0.304
-0.426	-0.402
0.936	-0.724
0.502	-0.234
0.058	-0.086
0.538	-0.136
-0.228	-0.672
0.726	-0.094
-0.628	-0.042
-0.05	-0.246
-0.766	-0.016
-0.872	-0.126
-0.654	-0.68
0.89	-0.98
-0.788	-0.68
-0.02	-0.992
-0.106	-0.728
0.23	0
0.428	-0.056
-0.526	-0.818
0.64	-0.894
-0.592	-0.112
0.992	-0.702
0.614	-0.092
0.832	-0.554
0.128	-0.274
-0.118	-0.172
0.598	-0.876
-0.332	-0.224
-0.694	-0.21
-0.918	-0.932
-0.124	-0.574
0.316	-0.13
0.692	-0.436
-0.858	-0.588
-0.554	-0.754
0.074	-0.336
0.442	-0.536
0.238	-0.772
0.236	-0.182
-0.344	-0.886
-0.192	-0.324
-0.69	-0.122
0.408	-0.402
-0.876	-0.156
-0.986	-0.48
-0.888	-0.14
-0.068	-0.442
0.106	-0.298
-0.41	-0.116
-0.928	-0.254
0.332	-0.782
0.21	-0.43
0.97	-0.098
-0.518	-0.636
0.242	-0.186
-0.638	-0.892
-0.41	-0.526
0.672	-0.772
0.736	-0.222
-0.07	-0.674
0.072	-0.004
0.22	-0.012
-0.728	-0.628
-0.158	-0.634
-0.822	-0.188
-0.678	-0.852
-0.988	-0.238
0.63	-0.058
-0.35	-0.134
-0.082	-0.69
-0.508	-0.202
-0.018	-0.942
-0.374	-0.53
-0.682	-0.1
0.048	-0.682
0.472	-0.622
0.894	-0.266
0.054	-0.158
-0.162	-0.904
-0.594	-0.54
-0.438	-0.056
-0.592	-0.118
-0.452	-0.284
-0.068	-0.7
-0.534	-0.9
0.296	-0.566
0.856	-0.594
-0.5	-0.18
-0.532	-0.18
0.536	-0.716
-0.612	-0.62
-0.232	-0.884
